MagX, MagY, MagZ, AccX, AccY, AccZ, GyroX, GyroY, GyroZ, Temp, Pres, Yaw, Pitch, Roll, DCM1, DCM2, DCM3, DCM4, DCM5, DCM6, DCM7, DCM8, DCM9, MagNED1, MagNED2, MagNED3, AccNED1, AccNED2, ACCNED3, 
6.144749e-02,-2.719541e-01,2.471538e+00,-2.021022e-01,-1.873869e-02,-9.846083e+00,-6.675263e-03,3.064640e-03,3.608583e-03,-6.268161e+00,9.933501e+01,-3.785181e+01,-1.686289e+00,-1.377880e-01,7.892585e-01,6.136756e-01,-2.175988e-02,-6.133558e-01,7.895548e-01,1.995589e-02,2.942706e-02,-2.403811e-03,9.995641e-01,-1.845291e-01,-6.758384e-02,4.971724e-01,4.323918e-02,-8.732203e-02,-9.847693e+00,
6.443549e-02,-2.762999e-01,2.471737e+00,-2.311510e-01,1.026700e-02,-9.826945e+00,-6.922738e-03,2.507550e-03,4.001980e-03,-6.266471e+00,9.935001e+01,-3.784274e+01,-1.719121e+00,-2.029550e-01,7.893422e-01,6.135765e-01,-2.151750e-02,-6.132203e-01,7.896275e-01,2.120196e-02,2.999983e-02,-3.540631e-03,9.995438e-01,-1.844576e-01,-6.797484e-02,4.973588e-01,3.529362e-02,-5.849688e-02,-9.829432e+00,
6.545030e-02,-2.752532e-01,2.471787e+00,-2.529193e-01,4.355487e-02,-9.802855e+00,-6.968077e-03,2.591683e-03,4.394402e-03,-6.266223e+00,9.932800e+01,-3.783050e+01,-1.753383e+00,-2.698027e-01,7.894589e-01,6.134347e-01,-2.127842e-02,-6.130405e-01,7.897315e-01,2.248535e-02,3.059753e-02,-4.706725e-03,9.995208e-01,-1.840534e-01,-6.732844e-02,4.975051e-01,3.563792e-02,-3.097416e-02,-9.806101e+00,
0.000000e+00,
6.441866e-02,-2.784339e-01,2.471718e+00,-2.892254e-01,1.130125e-01,-9.735295e+00,-6.629449e-03,2.831406e-03,4.780046e-03,-6.269773e+00,9.935001e+01,-3.779002e+01,-1.826241e+00,-4.037159e-01,7.898603e-01,6.129317e-01,-2.086620e-02,-6.124582e-01,7.901044e-01,2.509585e-02,3.186852e-02,-7.042535e-03,9.994673e-01,-1.843180e-01,-6.649272e-02,4.977439e-01,4.395990e-02,2.211472e-02,-9.740122e+00,
6.238932e-02,-2.805269e-01,2.471617e+00,-3.194698e-01,1.431262e-01,-9.701265e+00,-6.259423e-03,2.136716e-03,4.927046e-03,-6.269120e+00,9.935001e+01,-3.776401e+01,-1.866630e+00,-4.693822e-01,7.901203e-01,6.126009e-01,-2.073247e-02,-6.120856e-01,7.903499e-01,2.642366e-02,3.257307e-02,-8.187827e-03,9.994358e-01,-1.847607e-01,-6.598192e-02,4.978309e-01,3.639092e-02,5.231968e-02,-9.707369e+00,
6.639150e-02,-2.838251e-01,2.471855e+00,-3.435572e-01,1.655026e-01,-9.669582e+00,-5.279346e-03,1.399129e-03,4.953972e-03,-6.269309e+00,9.934601e+01,-3.773438e+01,-1.912427e+00,-5.303259e-01,7.904159e-01,6.122198e-01,-2.072673e-02,-6.116608e-01,7.906335e-01,2.774283e-02,3.337196e-02,-9.250646e-03,9.994001e-01,-1.845054e-01,-6.635844e-02,4.979973e-01,3.018969e-02,7.273078e-02,-9.676778e+00,
6.340393e-02,-2.794808e-01,2.471671e+00,-3.603749e-01,2.042710e-01,-9.625607e+00,-4.684738e-03,2.161743e-03,4.930617e-03,-6.269420e+00,9.935001e+01,-3.770325e+01,-1.954518e+00,-5.885563e-01,7.907286e-01,6.118168e-01,-2.070088e-02,-6.112161e-01,7.909330e-01,2.898441e-02,3.410616e-02,-1.026609e-02,9.993656e-01,-1.843954e-01,-6.483969e-02,4.980255e-01,3.927629e-02,1.028391e-01,-9.633888e+00,
6.540935e-02,-2.805977e-01,2.471801e+00,-3.831012e-01,2.250791e-01,-9.601957e+00,-4.029442e-03,1.828291e-03,4.772694e-03,-6.268605e+00,9.935001e+01,-3.766899e+01,-1.998909e+00,-6.430875e-01,7.910727e-01,6.113703e-01,-2.074922e-02,-6.107270e-01,7.912652e-01,3.019829e-02,3.488047e-02,-1.121693e-02,9.993286e-01,-1.842052e-01,-6.472887e-02,4.981388e-01,3.377888e-02,1.221049e-01,-9.611398e+00,
6.544181e-02,-2.763219e-01,2.471790e+00,-3.990310e-01,2.539936e-01,-9.563954e+00,-3.114437e-03,1.377593e-03,4.665390e-03,-6.267158e+00,9.935001e+01,-3.763346e+01,-2.045415e+00,-6.919103e-01,7.914285e-01,6.109046e-01,-2.088974e-02,-6.102188e-01,7.916122e-01,3.135525e-02,3.569164e-02,-1.206813e-02,9.992900e-01,-1.837320e-01,-6.362187e-02,4.981801e-01,3.914991e-02,1.446805e-01,-9.574471e+00,
6.536914e-02,-2.859456e-01,2.471839e+00,-4.222682e-01,2.741434e-01,-9.548630e+00,-2.161735e-03,2.157853e-03,4.568386e-03,-6.266517e+00,9.934601e+01,-3.759129e+01,-2.087849e+00,-7.355410e-01,7.918563e-01,6.103450e-01,-2.103448e-02,-6.096197e-01,7.920318e-01,3.239448e-02,3.643178e-02,-1.282874e-02,9.992538e-01,-1.848637e-01,-6.465150e-02,4.982565e-01,3.379671e-02,1.652305e-01,-9.560406e+00,
6.441051e-02,-2.795064e-01,2.471742e+00,-4.460877e-01,2.847635e-01,-9.524444e+00,-1.005898e-03,3.291428e-03,4.431417e-03,-6.267056e+00,9.936101e+01,-3.755354e+01,-2.124567e+00,-7.729180e-01,7.922392e-01,6.098435e-01,-2.116565e-02,-6.090835e-01,7.924073e-01,3.328784e-02,3.707219e-02,-1.348028e-02,9.992217e-01,-1.842817e-01,-6.324785e-02,4.982533e-01,2.184401e-02,1.803052e-01,-9.537407e+00,
6.639978e-02,-2.827578e-01,2.471865e+00,-4.808330e-01,2.955870e-01,-9.513371e+00,1.860340e-04,2.821093e-03,3.892496e-03,-6.267954e+00,9.933900e+01,-3.750681e+01,-2.165489e+00,-8.042365e-01,7.927144e-01,6.092165e-01,-2.142593e-02,-6.084209e-01,7.928798e-01,3.413849e-02,3.778592e-02,-1.402609e-02,9.991874e-01,-1.844244e-01,-6.367346e-02,4.983109e-01,2.746090e-03,2.021417e-01,-9.527954e+00,
6.639154e-02,-2.838286e-01,2.471877e+00,-5.058770e-01,2.971523e-01,-9.501358e+00,1.545820e-03,5.798852e-03,3.909278e-03,-6.266729e+00,9.933900e+01,-3.745871e+01,-2.191772e+00,-8.292790e-01,7.932112e-01,6.085652e-01,-2.155243e-02,-6.077446e-01,7.933721e-01,3.474601e-02,3.824431e-02,-1.446256e-02,9.991637e-01,-1.845449e-01,-6.367220e-02,4.983377e-01,-1.565339e-02,2.130620e-01,-9.517056e+00,
6.536911e-02,-2.859455e-01,2.471838e+00,-5.272943e-01,3.109049e-01,-9.479864e+00,2.653119e-03,5.401272e-03,3.571693e-03,-6.266506e+00,9.935001e+01,-3.740672e+01,-2.223414e+00,-8.502136e-01,7.937455e-01,6.078596e-01,-2.180016e-02,-6.070119e-01,7.939063e-01,3.535173e-02,3.879616e-02,-1.482731e-02,9.991373e-01,-1.849905e-01,-6.372492e-02,4.983287e-01,-2.288841e-02,2.317737e-01,-9.496753e+00,
6.641637e-02,-2.806217e-01,2.471866e+00,-5.504110e-01,3.073444e-01,-9.474840e+00,4.098437e-03,4.910547e-03,3.508413e-03,-6.266449e+00,9.933900e+01,-3.735269e+01,-2.258911e+00,-8.631828e-01,7.942982e-01,6.071229e-01,-2.218812e-02,-6.062483e-01,7.944655e-01,3.588654e-02,3.941523e-02,-1.505311e-02,9.991096e-01,-1.843437e-01,-6.294455e-02,4.982962e-01,-4.036586e-02,2.378410e-01,-9.492725e+00,
6.638376e-02,-2.849013e-01,2.471902e+00,-5.807469e-01,3.026152e-01,-9.472843e+00,5.311137e-03,6.889632e-03,3.161651e-03,-6.265623e+00,9.935001e+01,-3.729548e+01,-2.283358e+00,-8.687978e-01,7.948896e-01,6.063367e-01,-2.250364e-02,-6.054446e-01,7.950638e-01,3.620059e-02,3.984157e-02,-1.515076e-02,9.990911e-01,-1.849136e-01,-6.359620e-02,4.982846e-01,-6.496958e-02,2.492860e-01,-9.491956e+00,
6.336393e-02,-2.848336e-01,2.471736e+00,-6.100003e-01,3.056664e-01,-9.456494e+00,6.400562e-03,4.927272e-03,2.974666e-03,-6.264842e+00,9.934601e+01,-3.724219e+01,-2.319029e+00,-8.677537e-01,7.954326e-01,6.056041e-01,-2.304351e-02,-6.046900e-01,7.956224e-01,3.654157e-02,4.046365e-02,-1.513218e-02,9.990665e-01,-1.855501e-01,-6.323534e-02,4.981596e-01,-8.219053e-02,2.665009e-01,-9.476975e+00,
6.539346e-02,-2.827408e-01,2.471841e+00,-6.283802e-01,3.018920e-01,-9.453571e+00,7.631547e-03,7.047109e-03,2.476496e-03,-6.264495e+00,9.934601e+01,-3.718174e+01,-2.341061e+00,-8.585002e-01,7.960576e-01,6.047651e-01,-2.348579e-02,-6.038409e-01,7.962632e-01,3.662081e-02,4.084786e-02,-1.497059e-02,9.990532e-01,-1.851426e-01,-6.329693e-02,4.981206e-01,-9.562851e-02,2.736297e-01,-9.474809e+00,
6.543420e-02,-2.773922e-01,2.471800e+00,-6.541888e-01,2.918490e-01,-9.455428e+00,9.018038e-03,7.717233e-03,2.101099e-03,-6.264990e+00,9.935001e+01,-3.712832e+01,-2.360075e+00,-8.414077e-01,7.966095e-01,6.040193e-01,-2.396445e-02,-6.030903e-01,7.968348e-01,3.656130e-02,4.117943e-02,-1.467235e-02,9.990442e-01,-1.846903e-01,-6.269372e-02,4.980139e-01,-1.182564e-01,2.813876e-01,-9.477612e+00,
6.335566e-02,-2.859020e-01,2.471737e+00,-6.693476e-01,2.841091e-01,-9.456355e+00,1.025210e-02,1.028403e-02,2.144472e-03,-6.265390e+00,9.934601e+01,-3.707483e+01,-2.365474e+00,-8.177066e-01,7.971690e-01,6.032662e-01,-2.432323e-02,-6.023439e-01,7.974125e-01,3.626581e-02,4.127359e-02,-1.425903e-02,9.990462e-01,-1.860690e-01,-6.404641e-02,4.979315e-01,-1.321805e-01,2.867872e-01,-9.479012e+00,
6.336356e-02,-2.848337e-01,2.471734e+00,-6.912007e-01,2.723773e-01,-9.449981e+00,1.107923e-02,1.022735e-02,1.659567e-03,-6.264872e+00,9.933900e+01,-3.702879e+01,-2.371549e+00,-7.890505e-01,7.976493e-01,6.026141e-01,-2.473833e-02,-6.017005e-01,7.979141e-01,3.591098e-02,4.137952e-02,-1.375930e-02,9.990488e-01,-1.860858e-01,-6.420717e-02,4.978350e-01,-1.534206e-01,2.938714e-01,-9.473341e+00,
6.541768e-02,-2.795357e-01,2.471841e+00,-7.015319e-01,2.645497e-01,-9.443711e+00,1.242810e-02,1.090673e-02,1.484042e-03,-6.263610e+00,9.935001e+01,-3.696861e+01,-2.373804e+00,-7.525550e-01,7.982796e-01,6.017603e-01,-2.519076e-02,-6.008614e-01,7.985691e-01,3.539997e-02,4.141885e-02,-1.312292e-02,9.990558e-01,-1.853152e-01,-6.408454e-02,4.977497e-01,-1.629289e-01,2.984776e-01,-9.467322e+00,
6.350999e-02,-2.655896e-01,2.471660e+00,-7.168701e-01,2.464183e-01,-9.443820e+00,1.338990e-02,1.061427e-02,1.475521e-03,-6.262544e+00,9.935001e+01,-3.692953e+01,-2.377863e+00,-7.103323e-01,7.986869e-01,6.011974e-01,-2.571452e-02,-6.003150e-01,7.990047e-01,3.483651e-02,4.148963e-02,-1.238665e-02,9.990622e-01,-1.842266e-01,-6.217835e-02,4.975407e-01,-1.815653e-01,2.982475e-01,-9.467759e+00,
6.140684e-02,-2.773064e-01,2.471604e+00,-7.197797e-01,2.280742e-01,-9.451114e+00,1.438739e-02,1.253574e-02,1.553683e-03,-6.262674e+00,9.934601e+01,-3.687560e+01,-2.370941e+00,-6.623787e-01,7.992556e-01,6.004222e-01,-2.615327e-02,-5.995660e-01,7.996000e-01,3.407064e-02,4.136892e-02,-1.155054e-02,9.990773e-01,-1.860064e-01,-6.425225e-02,4.974182e-01,-1.911696e-01,2.919181e-01,-9.474804e+00,
6.337181e-02,-2.837663e-01,2.471743e+00,-7.109145e-01,2.183973e-01,-9.453378e+00,1.513247e-02,1.316920e-02,1.355047e-03,-6.263068e+00,9.935001e+01,-3.683184e+01,-2.360405e+00,-6.101307e-01,7.997193e-01,5.997856e-01,-2.657920e-02,-5.989599e-01,8.000902e-01,3.321094e-02,4.118519e-02,-1.063955e-02,9.990950e-01,-1.865872e-01,-6.601139e-02,4.973439e-01,-1.862774e-01,2.865913e-01,-9.476425e+00,
6.139903e-02,-2.783737e-01,2.471598e+00,-7.026941e-01,1.971626e-01,-9.474714e+00,1.606385e-02,1.414461e-02,1.159982e-03,-6.264034e+00,9.933900e+01,-3.680087e+01,-2.344362e+00,-5.524030e-01,8.000521e-01,5.993237e-01,-2.697699e-02,-5.985344e-01,8.004488e-01,3.222252e-02,4.090542e-02,-9.633034e-03,9.991166e-01,-1.864253e-01,-6.557114e-02,4.971564e-01,-1.884284e-01,2.731061e-01,-9.496987e+00,
6.242994e-02,-2.751861e-01,2.471622e+00,-6.862860e-01,1.793871e-01,-9.479457e+00,1.668584e-02,1.526970e-02,1.294162e-03,-6.264573e+00,9.934601e+01,-3.677459e+01,-2.321899e+00,-4.911171e-01,8.003393e-01,5.989247e-01,-2.731866e-02,-5.981770e-01,8.007596e-01,3.111913e-02,4.051370e-02,-8.564469e-03,9.991423e-01,-1.860402e-01,-6.584275e-02,4.970310e-01,-1.828562e-01,2.591740e-01,-9.500667e+00,
6.044111e-02,-2.719329e-01,2.471494e+00,-6.724986e-01,1.555744e-01,-9.483571e+00,1.720897e-02,1.587843e-02,1.159420e-03,-6.265756e+00,9.935001e+01,-3.675409e+01,-2.296019e+00,-4.266968e-01,8.005680e-01,5.986043e-01,-2.764126e-02,-5.979014e-01,8.010105e-01,2.993870e-02,4.006236e-02,-7.441218e-03,9.991696e-01,-1.861004e-01,-6.578637e-02,4.968521e-01,-1.831156e-01,2.427788e-01,-9.503796e+00,
6.244632e-02,-2.730466e-01,2.471607e+00,-6.503798e-01,1.350373e-01,-9.499202e+00,1.789839e-02,1.640021e-02,1.414424e-03,-6.266254e+00,9.934601e+01,-3.673800e+01,-2.267172e+00,-3.583258e-01,8.007519e-01,5.983434e-01,-2.796054e-02,-5.976886e-01,8.012155e-01,2.867396e-02,3.955929e-02,-6.249030e-03,9.991977e-01,-1.860566e-01,-6.686439e-02,4.967487e-01,-1.743914e-01,2.245388e-01,-9.518153e+00,
6.044890e-02,-2.708621e-01,2.471478e+00,-6.224570e-01,1.147989e-01,-9.525995e+00,1.824055e-02,1.834895e-02,1.457747e-03,-6.267234e+00,9.934601e+01,-3.672833e+01,-2.227201e+00,-2.879399e-01,8.008747e-01,5.981706e-01,-2.814155e-02,-5.975699e-01,8.013532e-01,2.726797e-02,3.886221e-02,-5.021684e-03,9.992321e-01,-1.861834e-01,-6.704755e-02,4.965811e-01,-1.617645e-01,2.042015e-01,-9.543447e+00,
5.845156e-02,-2.686782e-01,2.471351e+00,-5.927275e-01,8.171885e-02,-9.567338e+00,1.859278e-02,1.741529e-02,1.561295e-03,-6.267627e+00,9.935001e+01,-3.672372e+01,-2.192704e+00,-2.153159e-01,8.009413e-01,5.980681e-01,-2.841960e-02,-5.975193e-01,8.014365e-01,2.589013e-02,3.826057e-02,-3.755211e-03,9.992608e-01,-1.863657e-01,-6.720141e-02,4.963976e-01,-1.539665e-01,1.719590e-01,-9.583251e+00,
5.846005e-02,-2.676106e-01,2.471359e+00,-5.558175e-01,5.851606e-02,-9.596057e+00,1.856283e-02,1.688674e-02,1.639844e-03,-6.267098e+00,9.935001e+01,-3.672063e+01,-2.161331e+00,-1.426840e-01,8.009902e-01,5.979873e-01,-2.874050e-02,-5.974885e-01,8.015019e-01,2.454543e-02,3.771341e-02,-2.488531e-03,9.992856e-01,-1.863956e-01,-6.772690e-02,4.962486e-01,-1.344171e-01,1.434561e-01,-9.610309e+00,
5.844369e-02,-2.697487e-01,2.471364e+00,-5.294322e-01,2.866535e-02,-9.626407e+00,1.855648e-02,1.638727e-02,1.791747e-03,-6.266859e+00,9.933900e+01,-3.671988e+01,-2.131624e+00,-6.922460e-02,8.010136e-01,5.979388e-01,-2.909215e-02,-5.974895e-01,8.015409e-01,2.320761e-02,3.719528e-02,-1.207361e-03,9.993073e-01,-1.868082e-01,-6.872211e-02,4.960935e-01,-1.268895e-01,1.159008e-01,-9.639465e+00,
6.052227e-02,-2.612405e-01,2.471441e+00,-4.971726e-01,-3.629779e-03,-9.681411e+00,1.825717e-02,1.686986e-02,1.873969e-03,-6.266336e+00,9.935001e+01,-3.672335e+01,-2.094987e+00,4.761797e-03,8.009962e-01,5.979494e-01,-2.935072e-02,-5.975522e-01,8.015338e-01,2.179228e-02,3.655627e-02,8.305348e-05,9.993315e-01,-1.856681e-01,-6.837303e-02,4.959761e-01,-1.162474e-01,8.319716e-02,-9.693114e+00,
5.846816e-02,-2.665430e-01,2.471364e+00,-4.660742e-01,-3.855649e-02,-9.727176e+00,1.769880e-02,1.772429e-02,1.829311e-03,-6.265964e+00,9.933501e+01,-3.673005e+01,-2.049006e+00,7.775301e-02,8.009497e-01,5.980062e-01,-2.946724e-02,-5.976632e-01,8.014904e-01,2.029504e-02,3.575427e-02,1.356178e-03,9.993597e-01,-1.866369e-01,-6.967263e-02,4.958214e-01,-1.097260e-01,5.023929e-02,-9.737663e+00,
5.849249e-02,-2.633351e-01,2.471346e+00,-4.274269e-01,-6.312086e-02,-9.775475e+00,1.705182e-02,1.679190e-02,1.812840e-03,-6.265068e+00,9.933501e+01,-3.674280e+01,-2.006459e+00,1.479217e-01,8.008377e-01,5.981495e-01,-2.960060e-02,-5.978572e-01,8.013805e-01,1.887623e-02,3.501215e-02,2.580136e-03,9.993836e-01,-1.863527e-01,-6.986493e-02,4.956945e-01,-9.069535e-02,2.043232e-02,-9.784577e+00,
5.652780e-02,-2.568747e-01,2.471206e+00,-3.884182e-01,-8.613149e-02,-9.818776e+00,1.615563e-02,1.571590e-02,1.862022e-03,-6.265392e+00,9.935001e+01,-3.675764e+01,-1.968901e+00,2.133200e-01,8.007011e-01,5.983249e-01,-2.975382e-02,-5.980783e-01,8.012450e-01,1.757733e-02,3.435705e-02,3.720930e-03,9.994028e-01,-1.860141e-01,-6.927732e-02,4.955389e-01,-7.039538e-02,-9.295806e-03,-9.826577e+00,
5.561037e-02,-2.450920e-01,2.471104e+00,-3.616911e-01,-1.175930e-01,-9.877763e+00,1.495711e-02,1.781621e-02,2.451946e-03,-6.264763e+00,9.934601e+01,-3.677309e+01,-1.918526e+00,2.722773e-01,8.005637e-01,5.985132e-01,-2.966111e-02,-5.983119e-01,8.010989e-01,1.623499e-02,3.347833e-02,4.749454e-03,9.994282e-01,-1.847977e-01,-6.802442e-02,4.954471e-01,-6.695238e-02,-3.816491e-02,-9.884783e+00,
5.546391e-02,-2.643404e-01,2.471209e+00,-3.130134e-01,-1.389427e-01,-9.916034e+00,1.396052e-02,1.704565e-02,2.477479e-03,-6.263330e+00,9.935700e+01,-3.679071e+01,-1.871372e+00,3.262059e-01,8.004015e-01,5.987352e-01,-2.956097e-02,-5.985744e-01,8.009270e-01,1.499765e-02,3.265580e-02,5.690301e-03,9.994506e-01,-1.869593e-01,-7.147349e-02,4.953780e-01,-4.059860e-02,-7.263831e-02,-9.921598e+00,
5.460358e-02,-2.450694e-01,2.471045e+00,-2.814513e-01,-1.594920e-01,-9.950051e+00,1.283802e-02,1.579042e-02,2.513056e-03,-6.263570e+00,9.936101e+01,-3.681090e+01,-1.830251e+00,3.745308e-01,8.002089e-01,5.989960e-01,-2.948661e-02,-5.988703e-01,8.007253e-01,1.390292e-02,3.193847e-02,6.533414e-03,9.994685e-01,-1.849056e-01,-6.896133e-02,4.952993e-01,-2.736169e-02,-9.749128e-02,-9.954794e+00,
5.652766e-02,-2.568741e-01,2.471202e+00,-2.323857e-01,-1.770792e-01,-9.985271e+00,1.127045e-02,1.604678e-02,2.623837e-03,-6.265312e+00,9.934601e+01,-3.684003e+01,-1.785863e+00,4.148577e-01,7.999240e-01,5.993866e-01,-2.928173e-02,-5.992917e-01,8.004270e-01,1.289028e-02,3.116415e-02,7.237053e-03,9.994881e-01,-1.858830e-01,-7.137393e-02,4.952896e-01,3.561974e-04,-1.311851e-01,-9.988683e+00,
5.649528e-02,-2.611516e-01,2.471226e+00,-1.941208e-01,-1.895087e-01,-1.001216e+01,9.734560e-03,1.574095e-02,2.407448e-03,-6.265983e+00,9.935001e+01,-3.686491e+01,-1.742339e+00,4.467950e-01,7.996824e-01,5.997224e-01,-2.900298e-02,-5.996531e-01,8.001702e-01,1.200147e-02,3.040488e-02,7.794361e-03,9.995074e-01,-1.862648e-01,-7.238292e-02,4.952740e-01,2.149510e-02,-1.553948e-01,-1.001461e+01,
5.548862e-02,-2.611293e-01,2.471173e+00,-1.496161e-01,-1.993257e-01,-1.004417e+01,8.388192e-03,1.588460e-02,2.339174e-03,-6.265206e+00,9.935001e+01,-3.690310e+01,-1.697051e+00,4.714782e-01,7.993015e-01,6.002483e-01,-2.862180e-02,-6.002001e-01,7.997715e-01,1.120186e-02,2.961480e-02,8.225145e-03,9.995276e-01,-1.862756e-01,-7.254990e-02,4.952687e-01,4.824892e-02,-1.821288e-01,-1.004549e+01,
5.759931e-02,-2.483441e-01,2.471226e+00,-1.105475e-01,-2.096361e-01,-1.004984e+01,6.337442e-03,1.507024e-02,2.344357e-03,-6.265058e+00,9.936101e+01,-3.694320e+01,-1.655777e+00,4.845903e-01,7.988981e-01,6.008063e-01,-2.817597e-02,-6.007722e-01,7.993501e-01,1.060620e-02,2.889473e-02,8.454066e-03,9.995469e-01,-1.843473e-01,-7.104201e-02,4.953476e-01,6.889707e-02,-2.077494e-01,-1.005025e+01,
5.651903e-02,-2.579412e-01,2.471187e+00,-7.639173e-02,-2.139495e-01,-1.006797e+01,5.092191e-03,1.566578e-02,2.685294e-03,-6.266384e+00,9.935001e+01,-3.698757e+01,-1.610418e+00,4.907606e-01,7.984506e-01,6.014274e-01,-2.760045e-02,-6.014041e-01,7.988816e-01,1.006590e-02,2.810340e-02,8.561901e-03,9.995684e-01,-1.853684e-01,-7.249822e-02,4.953837e-01,8.821045e-02,-2.263212e-01,-1.006760e+01,
5.351549e-02,-2.557331e-01,2.471002e+00,-4.297095e-02,-2.204686e-01,-1.007427e+01,2.854319e-03,1.544997e-02,2.161885e-03,-6.268687e+00,9.935700e+01,-3.704213e+01,-1.564286e+00,4.852989e-01,7.978952e-01,6.021960e-01,-2.689105e-02,-6.021776e-01,7.983034e-01,9.683457e-03,2.729856e-02,8.466805e-03,9.995914e-01,-1.852904e-01,-7.185239e-02,4.954370e-01,1.038561e-01,-2.476785e-01,-1.007320e+01,
5.347486e-02,-2.610772e-01,2.471015e+00,-1.756450e-02,-2.133290e-01,-1.008369e+01,1.254522e-03,1.531706e-02,1.958567e-03,-6.270468e+00,9.935001e+01,-3.710236e+01,-1.516465e+00,4.719862e-01,7.972797e-01,6.030466e-01,-2.607533e-02,-6.030297e-01,7.976635e-01,9.393775e-03,2.646422e-02,8.234735e-03,9.996158e-01,-1.855793e-01,-7.261121e-02,4.955572e-01,1.202843e-01,-2.542967e-01,-1.008203e+01,
5.447348e-02,-2.621707e-01,2.471089e+00,7.640294e-03,-2.140549e-01,-1.008342e+01,-2.486532e-04,1.517112e-02,2.052721e-03,-6.269889e+00,9.934601e+01,-3.717243e+01,-1.468390e+00,4.505927e-01,7.965592e-01,6.040366e-01,-2.516995e-02,-6.040174e-01,7.969180e-01,9.216418e-03,2.562543e-02,7.861663e-03,9.996408e-01,-1.852005e-01,-7.276350e-02,4.957251e-01,1.305880e-01,-2.681320e-01,-1.008128e+01,
5.444912e-02,-2.653806e-01,2.471116e+00,3.128467e-02,-2.146101e-01,-1.008388e+01,-2.270863e-03,1.501706e-02,2.051024e-03,-6.268280e+00,9.933900e+01,-3.723074e+01,-1.421105e+00,4.176771e-01,7.959605e-01,6.048664e-01,-2.415621e-02,-6.048403e-01,7.962936e-01,9.200347e-03,2.480041e-02,7.287534e-03,9.996659e-01,-1.851464e-01,-7.307103e-02,4.959084e-01,1.386793e-01,-2.825901e-01,-1.008130e+01,
5.246039e-02,-2.621295e-01,2.471002e+00,5.054169e-02,-1.988828e-01,-1.006933e+01,-3.763510e-03,1.520207e-02,1.891351e-03,-6.266836e+00,9.935001e+01,-3.730349e+01,-1.372660e+00,3.761066e-01,7.952084e-01,6.058989e-01,-2.303256e-02,-6.058631e-01,7.955148e-01,9.295940e-03,2.395514e-02,6.562369e-03,9.996917e-01,-1.846152e-01,-7.208780e-02,4.960925e-01,1.516109e-01,-2.824395e-01,-1.006632e+01,
5.345884e-02,-2.632208e-01,2.471056e+00,6.236780e-02,-1.879105e-01,-1.006610e+01,-5.712590e-03,1.488410e-02,1.910841e-03,-6.266426e+00,9.933900e+01,-3.736760e+01,-1.325994e+00,3.233193e-01,7.945452e-01,6.068131e-01,-2.181598e-02,-6.067640e-01,7.948246e-01,9.559812e-03,2.314089e-02,5.641447e-03,9.997163e-01,-1.840742e-01,-7.203623e-02,4.963454e-01,1.551292e-01,-2.834284e-01,-1.006286e+01,
5.552933e-02,-2.557818e-01,2.471139e+00,7.785698e-02,-1.729867e-01,-1.005080e+01,-6.963712e-03,1.570121e-02,1.335518e-03,-6.266320e+00,9.936101e+01,-3.743795e+01,-1.274546e+00,2.633437e-01,7.938157e-01,6.078143e-01,-2.045521e-02,-6.077515e-01,7.940659e-01,9.872095e-03,2.224319e-02,4.595062e-03,9.997420e-01,-1.823352e-01,-7.078978e-02,4.966444e-01,1.622515e-01,-2.839030e-01,-1.004727e+01,
5.556156e-02,-2.515054e-01,2.471121e+00,8.230424e-02,-1.539969e-01,-1.004519e+01,-8.446088e-03,1.514030e-02,1.228669e-03,-6.266302e+00,9.935001e+01,-3.749810e+01,-1.226277e+00,1.948587e-01,7.931918e-01,6.086739e-01,-1.904910e-02,-6.085957e-01,7.934132e-01,1.032923e-02,2.140094e-02,3.400140e-03,9.997652e-01,-1.812234e-01,-6.974289e-02,4.969288e-01,1.629010e-01,-2.760323e-01,-1.004160e+01,
5.440879e-02,-2.707282e-01,2.471151e+00,8.402234e-02,-1.370541e-01,-1.003662e+01,-9.728746e-03,1.552695e-02,1.470203e-03,-6.266459e+00,9.935001e+01,-3.755564e+01,-1.175778e+00,1.189701e-01,7.925950e-01,6.094965e-01,-1.753289e-02,-6.094033e-01,7.927862e-01,1.086131e-02,2.051976e-02,2.075982e-03,9.997874e-01,-1.829222e-01,-7.203516e-02,4.972306e-01,1.590326e-01,-2.688689e-01,-1.003304e+01,
5.241957e-02,-2.674723e-01,2.471007e+00,8.371965e-02,-1.114328e-01,-1.001108e+01,-1.097920e-02,1.604119e-02,1.018179e-03,-6.267885e+00,9.935001e+01,-3.760851e+01,-1.122264e+00,3.586102e-02,7.920471e-01,6.102530e-01,-1.589793e-02,-6.101457e-01,7.922063e-01,1.145674e-02,1.958595e-02,6.257729e-04,9.998080e-01,-1.821047e-01,-7.085998e-02,4.975346e-01,1.574630e-01,-2.540533e-01,-1.000759e+01,
5.237889e-02,-2.728184e-01,2.471031e+00,7.737111e-02,-9.910787e-02,-9.980571e+00,-1.200024e-02,1.330985e-02,7.216215e-04,-6.268728e+00,9.934601e+01,-3.766336e+01,-1.084454e+00,-5.296435e-02,7.914726e-01,6.110345e-01,-1.441739e-02,-6.109115e-01,7.916033e-01,1.229605e-02,1.892617e-02,-9.242366e-04,9.998204e-01,-1.820637e-01,-7.106137e-02,4.978651e-01,1.445726e-01,-2.484426e-01,-9.977222e+00,
5.239496e-02,-2.706809e-01,2.471025e+00,7.484078e-02,-7.090867e-02,-9.966942e+00,-1.300853e-02,1.414678e-02,6.419715e-04,-6.268701e+00,9.934601e+01,-3.771577e+01,-1.041775e+00,-1.477073e-01,7.909245e-01,6.117800e-01,-1.280538e-02,-6.116439e-01,7.910240e-01,1.316167e-02,1.818141e-02,-2.577550e-03,9.998316e-01,-1.810853e-01,-7.014870e-02,4.982143e-01,1.434434e-01,-2.330479e-01,-9.963720e+00,
5.038983e-02,-2.695655e-01,2.470903e+00,6.881781e-02,-4.152478e-02,-9.929999e+00,-1.382070e-02,1.496263e-02,7.536194e-04,-6.268798e+00,9.933900e+01,-3.776238e+01,-9.943779e-01,-2.471771e-01,7.904383e-01,6.124417e-01,-1.107757e-02,-6.122960e-01,7.905041e-01,1.403796e-02,1.735430e-02,-4.313393e-03,9.998402e-01,-1.804580e-01,-6.916792e-02,4.985546e-01,1.389650e-01,-2.143594e-01,-9.927039e+00,
5.235460e-02,-2.760262e-01,2.471049e+00,6.153914e-02,-1.135949e-02,-9.893439e+00,-1.447628e-02,1.384201e-02,6.802389e-04,-6.268704e+00,9.935001e+01,-3.780642e+01,-9.533620e-01,-3.505605e-01,7.899770e-01,6.130646e-01,-9.395086e-03,-6.129108e-01,7.900091e-01,1.503322e-02,1.663854e-02,-6.117550e-03,9.998429e-01,-1.801329e-01,-6.971763e-02,4.989643e-01,1.346001e-01,-1.954224e-01,-9.890791e+00,
5.335301e-02,-2.771191e-01,2.471114e+00,4.863777e-02,2.312994e-02,-9.856368e+00,-1.463837e-02,1.479869e-02,4.467242e-04,-6.268452e+00,9.934601e+01,-3.785457e+01,-9.088569e-01,-4.561797e-01,7.894716e-01,6.137397e-01,-7.637876e-03,-6.135823e-01,7.894683e-01,1.601985e-02,1.586188e-02,-7.960753e-03,9.998426e-01,-1.793008e-01,-6.934964e-02,4.993627e-01,1.278756e-01,-1.694805e-01,-9.854229e+00,
5.227314e-02,-2.867193e-01,2.471102e+00,2.491384e-02,8.477547e-02,-9.761998e+00,-1.472200e-02,1.303480e-02,2.225074e-04,-6.267639e+00,9.935001e+01,-3.793225e+01,-8.480218e-01,-6.743242e-01,7.886518e-01,6.148242e-01,-4.438009e-03,-6.146621e-01,7.885765e-01,1.838009e-02,1.480023e-02,-1.176762e-02,9.998213e-01,-1.790810e-01,-6.922079e-02,5.001071e-01,1.150942e-01,-1.278881e-01,-9.760882e+00,
4.922866e-02,-2.898595e-01,2.470951e+00,8.681695e-03,1.220606e-01,-9.716766e+00,-1.470211e-02,1.483807e-02,1.075333e-04,-6.268126e+00,9.935001e+01,-3.796811e+01,-8.101786e-01,-7.840707e-01,7.882745e-01,6.153178e-01,-2.727297e-03,-6.151614e-01,7.881604e-01,1.948630e-02,1.413981e-02,-1.368282e-02,9.998064e-01,-1.790908e-01,-6.866545e-02,5.004584e-01,1.084502e-01,-9.848108e-02,-9.716433e+00,
5.326369e-02,-2.888806e-01,2.471172e+00,-6.170220e-03,1.523118e-01,-9.654447e+00,-1.421814e-02,1.308834e-02,2.090258e-04,-6.267675e+00,9.935001e+01,-3.800508e+01,-7.829662e-01,-8.914426e-01,7.878826e-01,6.158244e-01,-1.186511e-03,-6.156740e-01,7.877299e-01,2.067190e-02,1.366491e-02,-1.555653e-02,9.997857e-01,-1.776607e-01,-6.827382e-02,5.008613e-01,1.003910e-01,-7.579639e-02,-9.654831e+00,
5.323937e-02,-2.920862e-01,2.471175e+00,-2.375408e-02,1.870344e-01,-9.600962e+00,-1.363052e-02,1.532775e-02,2.534861e-04,-6.268587e+00,9.936101e+01,-3.803822e+01,-7.434787e-01,-9.959892e-01,7.875336e-01,6.162714e-01,4.926315e-04,-6.161351e-01,7.873419e-01,2.168469e-02,1.297579e-02,-1.738095e-02,9.997647e-01,-1.772416e-01,-6.813138e-02,5.012366e-01,9.182706e-02,-4.629818e-02,-9.602262e+00,
5.327173e-02,-2.878090e-01,2.471151e+00,-2.843366e-02,2.210971e-01,-9.551578e+00,-1.268695e-02,1.233536e-02,2.985995e-04,-6.269658e+00,9.934601e+01,-3.807053e+01,-7.214950e-01,-1.095607e+00,7.871899e-01,6.167078e-01,1.879100e-03,-6.165822e-01,7.869599e-01,2.281617e-02,1.259213e-02,-1.911927e-02,9.997380e-01,-1.760917e-01,-6.683064e-02,5.015366e-01,9.602123e-02,-2.640414e-02,-9.553660e+00,
5.326386e-02,-2.888798e-01,2.471165e+00,-5.135636e-02,2.544380e-01,-9.499501e+00,-1.194125e-02,1.135649e-02,1.023617e-04,-6.268865e+00,9.934601e+01,-3.810432e+01,-7.064569e-01,-1.191804e+00,7.868286e-01,6.171635e-01,3.135221e-03,-6.170484e-01,7.865599e-01,2.397375e-02,1.232969e-02,-2.079782e-02,9.997077e-01,-1.756345e-01,-6.629904e-02,5.018389e-01,8.683819e-02,4.081458e-03,-9.502649e+00,
5.026812e-02,-2.856026e-01,2.470973e+00,-7.280283e-02,2.777464e-01,-9.451215e+00,-1.078282e-02,1.198784e-02,2.385272e-04,-6.269399e+00,9.934601e+01,-3.813410e+01,-6.891101e-01,-1.281816e+00,7.865109e-01,6.175613e-01,4.355948e-03,-6.174595e-01,7.862048e-01,2.502038e-02,1.202695e-02,-2.236842e-02,9.996776e-01,-1.751265e-01,-6.484641e-02,5.020632e-01,7.309622e-02,2.684537e-02,-9.455256e+00,
5.017849e-02,-2.973647e-01,2.471029e+00,-9.656482e-02,3.000542e-01,-9.409289e+00,-9.364516e-03,1.175709e-02,8.957862e-05,-6.268971e+00,9.933501e+01,-3.816357e+01,-6.740685e-01,-1.363931e+00,7.861956e-01,6.179538e-01,5.460812e-03,-6.178660e-01,7.858542e-01,2.598228e-02,1.176444e-02,-2.380120e-02,9.996476e-01,-1.759928e-01,-6.599674e-02,5.023794e-01,5.811842e-02,5.098817e-02,-9.414251e+00,
5.220024e-02,-2.963395e-01,2.471132e+00,-1.168031e-01,3.250767e-01,-9.368529e+00,-7.991259e-03,1.217660e-02,4.420316e-04,-6.269985e+00,9.934601e+01,-3.818692e+01,-6.569774e-01,-1.438269e+00,7.859464e-01,6.182605e-01,6.507933e-03,-6.181884e-01,7.855726e-01,2.681495e-02,1.146617e-02,-2.509824e-02,9.996193e-01,-1.750816e-01,-6.558573e-02,5.026354e-01,4.821132e-02,7.636103e-02,-9.374461e+00,
4.818121e-02,-2.951823e-01,2.470916e+00,-1.376964e-01,3.443134e-01,-9.326294e+00,-6.267396e-03,1.420454e-02,3.044027e-04,-6.269093e+00,9.933900e+01,-3.821264e+01,-6.287173e-01,-1.502896e+00,7.856732e-01,6.185951e-01,7.605119e-03,-6.185446e-01,7.852722e-01,2.739281e-02,1.097297e-02,-2.622590e-02,9.995959e-01,-1.750258e-01,-6.457540e-02,5.028085e-01,3.387864e-02,1.000777e-01,-9.333066e+00,
4.915553e-02,-2.994828e-01,2.470995e+00,-1.520527e-01,3.650522e-01,-9.300166e+00,-4.531784e-03,1.097325e-02,4.716629e-04,-6.268112e+00,9.935001e+01,-3.823306e+01,-6.195953e-01,-1.558024e+00,7.854540e-01,6.188639e-01,8.335342e-03,-6.188255e-01,7.850276e-01,2.804695e-02,1.081377e-02,-2.718771e-02,9.995719e-01,-1.750436e-01,-6.492862e-02,5.030156e-01,2.896713e-02,1.198289e-01,-9.307754e+00,
5.117704e-02,-2.984578e-01,2.471100e+00,-1.726505e-01,3.777159e-01,-9.260821e+00,-2.777805e-03,1.218306e-02,5.875655e-04,-6.267883e+00,9.933900e+01,-3.825425e+01,-6.045765e-01,-1.603785e+00,7.852274e-01,6.191418e-01,9.045978e-03,-6.191179e-01,7.847806e-01,2.850844e-02,1.055165e-02,-2.798613e-02,9.995527e-01,-1.742978e-01,-6.471202e-02,5.031866e-01,1.451660e-02,1.393035e-01,-9.269073e+00,
5.215132e-02,-3.027577e-01,2.471178e+00,-1.880143e-01,3.886584e-01,-9.213667e+00,-7.577093e-04,1.096822e-02,6.559886e-04,-6.268052e+00,9.935001e+01,-3.827425e+01,-5.980284e-01,-1.639019e+00,7.850122e-01,6.194074e-01,9.526509e-03,-6.193927e-01,7.845488e-01,2.891698e-02,1.043738e-02,-2.860082e-02,9.995366e-01,-1.744409e-01,-6.519032e-02,5.033348e-01,5.370304e-03,1.549447e-01,-9.222476e+00,
5.021922e-02,-2.920211e-01,2.471020e+00,-2.064058e-01,4.023108e-01,-9.190936e+00,1.215113e-03,1.236277e-02,1.053794e-03,-6.267397e+00,9.934601e+01,-3.829118e+01,-5.850130e-01,-1.664109e+00,7.848309e-01,6.196297e-01,9.984598e-03,-6.196260e-01,7.843571e-01,2.911693e-02,1.021023e-02,-2.903858e-02,9.995263e-01,-1.732684e-01,-6.322766e-02,5.033343e-01,-4.477747e-03,1.758378e-01,-9.200372e+00,
5.217603e-02,-2.995522e-01,2.471175e+00,-2.280941e-01,4.052875e-01,-9.189963e+00,3.344669e-03,1.142967e-02,9.446223e-04,-6.266515e+00,9.933501e+01,-3.830336e+01,-5.784461e-01,-1.677680e+00,7.847000e-01,6.197913e-01,1.022749e-02,-6.197935e-01,7.842205e-01,2.922956e-02,1.009562e-02,-2.927537e-02,9.995204e-01,-1.737516e-01,-6.447069e-02,5.034570e-01,-2.178203e-02,1.905874e-01,-9.199724e+00,
5.116910e-02,-2.995261e-01,2.471099e+00,-2.308705e-01,4.161073e-01,-9.174036e+00,4.998460e-03,1.148147e-02,1.440976e-03,-6.268078e+00,9.935001e+01,-3.831661e+01,-5.721233e-01,-1.682303e+00,7.845576e-01,6.199693e-01,1.037082e-02,-6.199756e-01,7.840768e-01,2.922207e-02,9.985270e-03,-2.935605e-02,9.995192e-01,-1.738435e-01,-6.431209e-02,5.034640e-01,-1.829968e-02,2.013098e-01,-9.184146e+00,
5.218408e-02,-2.984823e-01,2.471169e+00,-2.333275e-01,4.166183e-01,-9.145583e+00,7.289120e-03,1.164102e-02,1.617420e-03,-6.267897e+00,9.933900e+01,-3.832452e+01,-5.655023e-01,-1.674072e+00,7.844729e-01,6.200765e-01,1.037639e-02,-6.200848e-01,7.839975e-01,2.903638e-02,9.869718e-03,-2.921249e-02,9.995247e-01,-1.735799e-01,-6.434523e-02,5.034619e-01,-1.960196e-02,2.057559e-01,-9.155708e+00,
5.118534e-02,-2.973920e-01,2.471114e+00,-2.459364e-01,4.073660e-01,-9.142328e+00,9.389283e-03,1.081260e-02,1.656089e-03,-6.265888e+00,9.935700e+01,-3.832786e+01,-5.647658e-01,-1.654309e+00,7.844369e-01,6.201254e-01,1.017425e-02,-6.201305e-01,7.839716e-01,2.875740e-02,9.856863e-03,-2.886773e-02,9.995347e-01,-1.737063e-01,-6.419900e-02,5.033903e-01,-3.331999e-02,2.089665e-01,-9.152259e+00,
5.017860e-02,-2.973714e-01,2.471069e+00,-2.447558e-01,4.090244e-01,-9.149918e+00,1.134824e-02,1.115769e-02,1.684662e-03,-6.264959e+00,9.935001e+01,-3.833711e+01,-5.638771e-01,-1.624671e+00,7.843369e-01,6.202567e-01,9.870210e-03,-6.202572e-01,7.838865e-01,2.834065e-02,9.841354e-03,-2.835068e-02,9.995497e-01,-1.740179e-01,-6.426065e-02,5.032995e-01,-2.858246e-02,2.131257e-01,-9.159802e+00,
5.021940e-02,-2.920242e-01,2.471039e+00,-2.512530e-01,3.914307e-01,-9.149770e+00,1.333413e-02,9.039774e-03,1.569907e-03,-6.265520e+00,9.934601e+01,-3.834678e+01,-5.762963e-01,-1.584217e+00,7.842304e-01,6.204005e-01,9.267049e-03,-6.203883e-01,7.837977e-01,2.792001e-02,1.005810e-02,-2.764489e-02,9.995672e-01,-1.737043e-01,-6.366011e-02,5.031333e-01,-3.898774e-02,2.072153e-01,-9.159159e+00,
5.014637e-02,-3.016458e-01,2.471076e+00,-2.479756e-01,3.822024e-01,-9.168726e+00,1.543980e-02,1.110874e-02,2.151653e-03,-6.266068e+00,9.934601e+01,-3.835807e+01,-5.768788e-01,-1.531769e+00,7.841080e-01,6.205634e-01,8.696525e-03,-6.205427e-01,7.837006e-01,2.720711e-02,1.006826e-02,-2.672988e-02,9.995920e-01,-1.751397e-01,-6.539488e-02,5.030428e-01,-3.699487e-02,2.039572e-01,-9.177698e+00,
4.822195e-02,-2.898374e-01,2.470896e+00,-2.415103e-01,3.607323e-01,-9.190289e+00,1.720310e-02,1.102579e-02,2.289026e-03,-6.267486e+00,9.935001e+01,-3.836800e+01,-5.780048e-01,-1.469123e+00,7.840004e-01,6.207089e-01,8.007180e-03,-6.206786e-01,7.836220e-01,2.636102e-02,1.008792e-02,-2.563693e-02,9.996206e-01,-1.744049e-01,-6.382732e-02,5.027714e-01,-3.902273e-02,1.903127e-01,-9.198485e+00,
5.125032e-02,-2.888361e-01,2.471062e+00,-2.372167e-01,3.202669e-01,-9.253388e+00,2.063710e-02,1.121062e-02,2.090180e-03,-6.267975e+00,9.935001e+01,-3.839552e+01,-5.894378e-01,-1.315187e+00,7.837006e-01,6.211080e-01,6.194796e-03,-6.210536e-01,7.833890e-01,2.437641e-02,1.028745e-02,-2.295111e-02,9.996837e-01,-1.747874e-01,-6.494969e-02,5.023577e-01,-4.430934e-02,1.726534e-01,-9.260252e+00,
4.822202e-02,-2.898396e-01,2.470910e+00,-2.347354e-01,2.882620e-01,-9.307090e+00,2.189245e-02,1.081097e-02,2.410100e-03,-6.266492e+00,9.935001e+01,-3.840747e+01,-5.918941e-01,-1.225210e+00,7.835706e-01,6.212811e-01,5.190653e-03,-6.212168e-01,7.832961e-01,2.317170e-02,1.033032e-02,-2.138118e-02,9.997181e-01,-1.758704e-01,-6.531537e-02,5.020721e-01,-5.314989e-02,1.559550e-01,-9.313054e+00,
5.025995e-02,-2.866778e-01,2.471011e+00,-2.279015e-01,2.605896e-01,-9.340811e+00,2.275864e-02,9.777831e-03,2.618440e-03,-6.265686e+00,9.935001e+01,-3.842001e+01,-5.971812e-01,-1.128067e+00,7.834339e-01,6.214617e-01,4.069782e-03,-6.213877e-01,7.831971e-01,2.190003e-02,1.042259e-02,-1.968614e-02,9.997518e-01,-1.757787e-01,-6.568990e-02,5.018017e-01,-5.461435e-02,1.411442e-01,-9.345998e+00,
5.331245e-02,-2.824697e-01,2.471164e+00,-2.096828e-01,2.310048e-01,-9.380039e+00,2.404808e-02,9.243765e-03,2.731432e-03,-6.265074e+00,9.935001e+01,-3.843777e+01,-6.038870e-01,-1.022373e+00,7.832403e-01,6.217127e-01,2.838054e-03,-6.216298e-01,7.830422e-01,2.052707e-02,1.053962e-02,-1.784184e-02,9.997854e-01,-1.754772e-01,-6.606367e-02,5.015138e-01,-4.723444e-02,1.186869e-01,-9.384357e+00,
5.232214e-02,-2.803092e-01,2.471104e+00,-1.973086e-01,1.977610e-01,-9.435752e+00,2.506700e-02,8.966129e-03,2.852391e-03,-6.264513e+00,9.935001e+01,-3.845670e+01,-6.085243e-01,-9.088544e-01,7.830343e-01,6.219769e-01,1.549165e-03,-6.218881e-01,7.828751e-01,1.902540e-02,1.062055e-02,-1.586094e-02,9.998180e-01,-1.760403e-01,-6.632820e-02,5.011667e-01,-4.611415e-02,9.800713e-02,-9.439266e+00,
5.334513e-02,-2.781917e-01,2.471139e+00,-1.787324e-01,1.661830e-01,-9.508018e+00,2.565780e-02,8.394072e-03,2.571398e-03,-6.265049e+00,9.935001e+01,-3.847852e+01,-6.150596e-01,-7.911362e-01,7.827964e-01,6.222780e-01,1.886184e-04,-6.221853e-01,7.826747e-01,1.748774e-02,1.073461e-02,-1.380670e-02,9.998471e-01,-1.763508e-01,-6.684315e-02,5.008260e-01,-3.829242e-02,7.499807e-02,-9.510778e+00,
5.436820e-02,-2.760763e-01,2.471188e+00,-1.696395e-01,1.457666e-01,-9.548908e+00,2.622487e-02,7.429733e-03,3.103609e-03,-6.264651e+00,9.936101e+01,-3.849731e+01,-6.267493e-01,-6.700881e-01,7.825906e-01,6.225355e-01,-1.280522e-03,-6.224407e-01,7.825043e-01,1.596151e-02,1.093862e-02,-1.169428e-02,9.998719e-01,-1.767112e-01,-6.736180e-02,5.004696e-01,-2.978581e-02,6.723851e-02,-9.551245e+00,
5.233833e-02,-2.781686e-01,2.471081e+00,-1.445144e-01,1.034381e-01,-9.600140e+00,2.662402e-02,8.030951e-03,2.731763e-03,-6.265716e+00,9.935001e+01,-3.852117e+01,-6.341773e-01,-5.461494e-01,7.823301e-01,6.228580e-01,-2.722625e-03,-6.227657e-01,7.822768e-01,1.435064e-02,1.106826e-02,-9.531379e-03,9.998934e-01,-1.780060e-01,-6.816901e-02,5.000832e-01,-2.249313e-02,3.314766e-02,-9.601702e+00,
5.237889e-02,-2.728222e-01,2.471053e+00,-1.265687e-01,7.993784e-02,-9.662169e+00,2.641910e-02,7.452219e-03,2.787148e-03,-6.265775e+00,9.935001e+01,-3.854427e+01,-6.441731e-01,-4.230128e-01,7.820776e-01,6.231672e-01,-4.192555e-03,-6.230800e-01,7.820539e-01,1.277972e-02,1.124271e-02,-7.382434e-03,9.999097e-01,-1.781369e-01,-6.810583e-02,4.996998e-01,-8.662723e-03,1.789830e-02,-9.663310e+00,
5.141276e-02,-2.674515e-01,2.470960e+00,-9.707903e-02,5.272369e-02,-9.719477e+00,2.635514e-02,7.286545e-03,2.692895e-03,-6.267024e+00,9.936101e+01,-3.857213e+01,-6.535795e-01,-2.993798e-01,7.817730e-01,6.235376e-01,-5.660166e-03,-6.234589e-01,7.817760e-01,1.119722e-02,1.140687e-02,-5.224800e-03,9.999214e-01,-1.784166e-01,-6.791230e-02,4.993034e-01,1.199529e-02,-7.088177e-03,-9.720096e+00,
5.249257e-02,-2.578510e-01,2.470970e+00,-7.994789e-02,2.217399e-02,-9.772779e+00,2.609279e-02,7.674033e-03,2.358564e-03,-6.267397e+00,9.936101e+01,-3.860292e+01,-6.602110e-01,-1.769079e-01,7.814367e-01,6.239444e-01,-7.078312e-03,-6.238781e-01,7.814627e-01,9.602081e-03,1.152260e-02,-3.087415e-03,9.999288e-01,-1.778768e-01,-6.733409e-02,4.989383e-01,2.053590e-02,-2.663313e-02,-9.773074e+00,
5.142097e-02,-2.663829e-01,2.470958e+00,-7.040691e-02,-2.566403e-03,-9.810103e+00,2.571605e-02,6.201544e-03,2.173054e-03,-6.267528e+00,9.934601e+01,-3.863572e+01,-6.752454e-01,-5.657801e-02,7.810772e-01,6.243755e-01,-8.589072e-03,-6.243234e-01,7.811238e-01,8.129493e-03,1.178498e-02,-9.874040e-04,9.999301e-01,-1.798292e-01,-6.910071e-02,4.985651e-01,2.766405e-02,-3.779917e-02,-9.810245e+00,
5.342647e-02,-2.674981e-01,2.471081e+00,-4.104053e-02,-3.266260e-02,-9.854367e+00,2.519687e-02,7.176552e-03,2.238873e-03,-6.266434e+00,9.934601e+01,-3.866499e+01,-6.841594e-01,6.097914e-02,7.807567e-01,6.247553e-01,-9.988255e-03,-6.247211e-01,7.808199e-01,6.629033e-03,1.194055e-02,1.064211e-03,9.999282e-01,-1.803989e-01,-7.016242e-02,4.982354e-01,4.597913e-02,-6.518964e-02,-9.854184e+00,
5.546400e-02,-2.643359e-01,2.471179e+00,-2.538977e-02,-6.577323e-02,-9.916800e+00,2.427828e-02,6.212028e-03,2.161184e-03,-6.266195e+00,9.935001e+01,-3.870301e+01,-6.979354e-01,1.736602e-01,7.803397e-01,6.252521e-01,-1.140115e-02,-6.252375e-01,7.804170e-01,5.251192e-03,1.218097e-02,3.030713e-03,9.999213e-01,-1.804789e-01,-7.051176e-02,4.979065e-01,5.212543e-02,-8.753094e-02,-9.916528e+00,
5.447384e-02,-2.621762e-01,2.471124e+00,-1.258766e-02,-9.167126e-02,-9.970399e+00,2.347467e-02,5.782127e-03,2.194630e-03,-6.265274e+00,9.934601e+01,-3.873539e+01,-7.135208e-01,2.820869e-01,7.799836e-01,6.256694e-01,-1.279439e-02,-6.256763e-01,7.800730e-01,3.951623e-03,1.245297e-02,4.922945e-03,9.999105e-01,-1.811030e-01,-7.063062e-02,4.975511e-01,6.039111e-02,-1.030337e-01,-9.970115e+00,
5.445731e-02,-2.643154e-01,2.471136e+00,9.187420e-03,-1.125864e-01,-1.001690e+01,2.247708e-02,5.738599e-03,1.328851e-03,-6.264907e+00,9.935700e+01,-3.877883e+01,-7.284201e-01,3.852987e-01,7.795064e-01,6.262351e-01,-1.412221e-02,-6.262652e-01,7.796054e-01,2.719810e-03,1.271299e-02,6.724138e-03,9.998966e-01,-1.820713e-01,-7.142656e-02,4.972211e-01,7.811686e-02,-1.207708e-01,-1.001650e+01,
5.550457e-02,-2.589927e-01,2.471174e+00,2.617769e-02,-1.362624e-01,-1.005132e+01,2.121125e-02,5.707318e-03,1.677711e-03,-6.263814e+00,9.936101e+01,-3.881801e+01,-7.431495e-01,4.814423e-01,7.790753e-01,6.267417e-01,-1.537233e-02,-6.267961e-01,7.791817e-01,1.583117e-03,1.297004e-02,8.401947e-03,9.998805e-01,-1.819601e-01,-7.121907e-02,4.969287e-01,8.950521e-02,-1.384936e-01,-1.005092e+01,
5.351542e-02,-2.557414e-01,2.471058e+00,3.816754e-02,-1.629664e-01,-1.009568e+01,1.958549e-02,8.110490e-03,1.351349e-03,-6.263201e+00,9.934601e+01,-3.886320e+01,-7.434688e-01,5.686666e-01,7.785808e-01,6.273320e-01,-1.633045e-02,-6.274103e-01,7.786888e-01,4.132972e-04,1.297561e-02,9.924108e-03,9.998667e-01,-1.823988e-01,-7.095539e-02,4.966489e-01,9.234946e-02,-1.550194e-01,-1.009545e+01,
5.254136e-02,-2.514430e-01,2.470988e+00,4.884603e-02,-1.917108e-01,-1.012781e+01,1.811294e-02,8.164406e-03,1.111451e-03,-6.262679e+00,9.935001e+01,-3.891001e+01,-7.432677e-01,6.476207e-01,7.780680e-01,6.279449e-01,-1.719271e-02,-6.280462e-01,7.781759e-01,-6.478978e-04,1.297211e-02,1.130192e-02,9.998521e-01,-1.825185e-01,-7.059892e-02,4.964085e-01,9.174617e-02,-1.733005e-01,-1.012784e+01,
