MagX, MagY, MagZ, AccX, AccY, AccZ, GyroX, GyroY, GyroZ, Temp, Pres, Yaw, Pitch, Roll, DCM1, DCM2, DCM3, DCM4, DCM5, DCM6, DCM7, DCM8, DCM9, MagNED1, MagNED2, MagNED3, AccNED1, AccNED2, ACCNED3, 
2.580096e-02,-6.660140e-02,2.465090e+00,-2.668408e-01,1.182163e-01,-9.273046e+00,2.516904e-03,9.039165e-03,5.777896e-03,-6.669427e+00,9.937701e+01,-1.395437e+02,-1.795203e+00,-9.530978e-01,-7.605274e-01,6.483819e-01,3.462673e-02,-6.485498e-01,-7.611337e-01,7.667563e-03,3.132708e-02,-1.662577e-02,9.993710e-01,7.642042e-04,1.708283e-01,4.950348e-01,-4.150617e-02,1.197945e-02,-9.277537e+00,
2.580915e-02,-6.553359e-02,2.465090e+00,-2.647035e-01,1.288259e-01,-9.261596e+00,3.049890e-03,8.890559e-03,6.085170e-03,-6.668437e+00,9.938801e+01,-1.395152e+02,-1.796359e+00,-9.621705e-01,-7.602041e-01,6.487548e-01,3.474098e-02,-6.489277e-01,-7.608125e-01,7.577410e-03,3.134725e-02,-1.678400e-02,9.993677e-01,8.677915e-04,1.706215e-01,4.950498e-01,-3.695181e-02,3.582165e-03,-9.266199e+00,
2.583344e-02,-6.233005e-02,2.465072e+00,-2.611023e-01,1.317066e-01,-9.261279e+00,3.437388e-03,9.028802e-03,6.109264e-03,-6.668753e+00,9.937701e+01,-1.394877e+02,-1.796084e+00,-9.684817e-01,-7.598931e-01,6.491157e-01,3.480520e-02,-6.492922e-01,-7.605022e-01,7.507178e-03,3.134245e-02,-1.689409e-02,9.993660e-01,1.208138e-03,1.701172e-01,4.950511e-01,-3.843802e-02,-1.575574e-04,-9.265817e+00,
2.679868e-02,-6.768892e-02,2.465123e+00,-2.582290e-01,1.284385e-01,-9.268983e+00,4.498042e-03,9.890728e-03,6.473125e-03,-6.671096e+00,9.937200e+01,-1.394580e+02,-1.789583e+00,-9.677628e-01,-7.595588e-01,6.495122e-01,3.470697e-02,-6.496887e-01,-7.601639e-01,7.461069e-03,3.122904e-02,-1.688161e-02,9.993697e-01,2.799742e-04,1.707351e-01,4.950944e-01,-4.213586e-02,9.776801e-04,-9.273374e+00,
2.580967e-02,-6.553108e-02,2.465063e+00,-2.523574e-01,1.226985e-01,-9.290762e+00,4.870062e-03,1.033808e-02,6.418305e-03,-6.672131e+00,9.937701e+01,-1.394345e+02,-1.779306e+00,-9.636547e-01,-7.592973e-01,6.498278e-01,3.452115e-02,-6.500030e-01,-7.598957e-01,7.413168e-03,3.104975e-02,-1.681005e-02,9.993766e-01,5.242694e-04,1.705166e-01,4.950813e-01,-4.938063e-02,1.920946e-03,-9.294868e+00,
2.683132e-02,-6.341830e-02,2.465114e+00,-2.469126e-01,1.252837e-01,-9.295074e+00,5.707541e-03,1.048687e-02,6.370670e-03,-6.671457e+00,9.937701e+01,-1.394118e+02,-1.768082e+00,-9.547234e-01,-7.590435e-01,6.501375e-01,3.426819e-02,-6.503084e-01,-7.596340e-01,7.417927e-03,3.085396e-02,-1.665436e-02,9.993851e-01,4.448034e-04,1.700850e-01,4.950918e-01,-4.965639e-02,-3.550641e-03,-9.299064e+00,
2.884211e-02,-6.346229e-02,2.465215e+00,-2.375077e-01,1.257947e-01,-9.310326e+00,6.331969e-03,9.447507e-03,6.709871e-03,-6.671609e+00,9.937701e+01,-1.393872e+02,-1.760751e+00,-9.411423e-01,-7.587672e-01,6.504732e-01,3.401375e-02,-6.506368e-01,-7.593517e-01,7.529397e-03,3.072607e-02,-1.641754e-02,9.993930e-01,-4.591793e-05,1.698931e-01,4.951061e-01,-5.463994e-02,-1.109231e-02,-9.314037e+00,
2.784487e-02,-6.237226e-02,2.465152e+00,-2.299974e-01,1.085018e-01,-9.349117e+00,6.843209e-03,8.919447e-03,6.791612e-03,-6.672747e+00,9.937200e+01,-1.393721e+02,-1.753395e+00,-9.218261e-01,-7.585992e-01,6.506858e-01,3.369503e-02,-6.508387e-01,-7.591769e-01,7.710732e-03,3.059775e-02,-1.608067e-02,9.994025e-01,2.640672e-05,1.699446e-01,4.950560e-01,-6.994231e-02,-4.769370e-03,-9.352313e+00,
2.785279e-02,-6.130478e-02,2.465154e+00,-2.172608e-01,1.025419e-01,-9.389030e+00,7.370545e-03,8.852276e-03,6.802154e-03,-6.671876e+00,9.937701e+01,-1.393529e+02,-1.745273e+00,-8.989239e-01,-7.583842e-01,6.509554e-01,3.332475e-02,-6.510959e-01,-7.589540e-01,7.933111e-03,3.045605e-02,-1.568126e-02,9.994132e-01,-8.501671e-05,1.698955e-01,4.950174e-01,-8.136973e-02,-1.085115e-02,-9.391746e+00,
2.884186e-02,-6.346439e-02,2.465237e+00,-1.995818e-01,9.628221e-02,-9.438171e+00,7.763939e-03,9.662131e-03,6.521834e-03,-6.670850e+00,9.936101e+01,-1.393453e+02,-1.731593e+00,-8.732965e-01,-7.583038e-01,6.510733e-01,3.285146e-02,-6.512008e-01,-7.588621e-01,8.121473e-03,3.021740e-02,-1.523435e-02,9.994274e-01,-7.490572e-04,1.701738e-01,4.950137e-01,-9.602730e-02,-1.974890e-02,-9.440265e+00,
2.882544e-02,-6.560078e-02,2.465251e+00,-1.882658e-01,7.413910e-02,-9.501188e+00,8.061567e-03,9.519945e-03,6.473783e-03,-6.669315e+00,9.936600e+01,-1.393330e+02,-1.725729e+00,-8.509915e-01,-7.581663e-01,6.512501e-01,3.251860e-02,-6.513656e-01,-7.587181e-01,8.357242e-03,3.011510e-02,-1.484532e-02,9.994363e-01,-1.211094e-03,1.705939e-01,4.949830e-01,-1.179454e-01,-1.302450e-02,-9.502603e+00,
2.683920e-02,-6.235082e-02,2.465115e+00,-1.602083e-01,4.761762e-02,-9.589370e+00,8.385332e-03,1.072803e-02,6.638610e-03,-6.669943e+00,9.937701e+01,-1.393269e+02,-1.715342e+00,-8.287981e-01,-7.581009e-01,6.513453e-01,3.212800e-02,-6.514499e-01,-7.586437e-01,8.536479e-03,2.993390e-02,-1.445827e-02,9.994473e-01,-7.428974e-04,1.704598e-01,4.949067e-01,-1.556177e-01,-1.361655e-02,-9.589555e+00,
2.782018e-02,-6.557685e-02,2.465183e+00,-1.385234e-01,3.649983e-02,-9.657139e+00,8.310409e-03,7.301260e-03,6.153731e-03,-6.670235e+00,9.937701e+01,-1.393285e+02,-1.724946e+00,-8.072348e-01,-7.581151e-01,6.513349e-01,3.201017e-02,-6.514259e-01,-7.586598e-01,8.930303e-03,3.010145e-02,-1.408206e-02,9.994478e-01,-1.333838e-03,1.709957e-01,4.948664e-01,-1.803364e-01,-2.369437e-02,-9.656489e+00,
2.582580e-02,-6.339507e-02,2.465049e+00,-1.083477e-01,3.525054e-02,-9.698069e+00,8.054690e-03,9.174127e-03,5.934741e-03,-6.671668e+00,9.938801e+01,-1.393257e+02,-1.723347e+00,-7.867951e-01,-7.580839e-01,6.513832e-01,3.175621e-02,-6.514631e-01,-7.586247e-01,9.184306e-03,3.007355e-02,-1.372552e-02,9.994534e-01,-9.179730e-04,1.710532e-01,4.947805e-01,-2.028756e-01,-4.522742e-02,-9.696509e+00,
2.884198e-02,-6.346262e-02,2.465207e+00,-1.011016e-01,2.711268e-02,-9.719231e+00,8.290629e-03,7.951970e-03,5.768097e-03,-6.672516e+00,9.936600e+01,-1.393279e+02,-1.728073e+00,-7.644449e-01,-7.581073e-01,6.513655e-01,3.156500e-02,-6.514323e-01,-7.586470e-01,9.532740e-03,3.015598e-02,-1.333562e-02,9.994563e-01,-1.446037e-03,1.708661e-01,4.947677e-01,-2.124813e-01,-4.735901e-02,-9.717357e+00,
2.885882e-02,-6.132450e-02,2.465178e+00,-1.204705e-01,2.122467e-02,-9.733730e+00,7.736436e-03,9.394353e-03,5.557088e-03,-6.674676e+00,9.937701e+01,-1.393348e+02,-1.723850e+00,-7.445949e-01,-7.581872e-01,6.512862e-01,3.128464e-02,-6.513428e-01,-7.587211e-01,9.743813e-03,3.008233e-02,-1.298939e-02,9.994631e-01,-1.307003e-03,1.706648e-01,4.947200e-01,-1.993537e-01,-3.247968e-02,-9.732404e+00,
2.786114e-02,-6.023521e-02,2.465127e+00,-1.399695e-01,2.379175e-02,-9.722566e+00,7.446595e-03,8.016565e-03,5.151897e-03,-6.674809e+00,9.937200e+01,-1.393413e+02,-1.726594e+00,-7.255144e-01,-7.582602e-01,6.512098e-01,3.110519e-02,-6.512557e-01,-7.587923e-01,1.002413e-02,3.013019e-02,-1.265653e-02,9.994659e-01,-1.102903e-03,1.707720e-01,4.946534e-01,-1.807955e-01,-2.435738e-02,-9.721891e+00,
2.785292e-02,-6.130408e-02,2.465144e+00,-1.589867e-01,3.828010e-02,-9.708262e+00,7.648557e-03,8.477873e-03,4.610964e-03,-6.673321e+00,9.937701e+01,-1.393571e+02,-1.726382e+00,-7.050278e-01,-7.584399e-01,6.510113e-01,3.087239e-02,-6.510462e-01,-7.589684e-01,1.028452e-02,3.012650e-02,-1.229916e-02,9.994704e-01,-1.303890e-03,1.710590e-01,4.946128e-01,-1.542146e-01,-2.539051e-02,-9.708382e+00,
2.581781e-02,-6.446359e-02,2.465060e+00,-1.733242e-01,3.765465e-02,-9.700771e+00,7.447279e-03,8.709937e-03,4.464754e-03,-6.671557e+00,9.937200e+01,-1.393756e+02,-1.726991e+00,-6.871986e-01,-7.586498e-01,6.507760e-01,3.068126e-02,-6.508014e-01,-7.591752e-01,1.051771e-02,3.013713e-02,-1.198815e-02,9.994739e-01,-1.443407e-03,1.718804e-01,4.945508e-01,-1.416348e-01,-1.781678e-02,-9.701344e+00,
2.687179e-02,-5.807877e-02,2.465085e+00,-1.846637e-01,3.291399e-02,-9.719567e+00,7.307320e-03,8.077515e-03,4.309341e-03,-6.671188e+00,9.937701e+01,-1.393927e+02,-1.731452e+00,-6.702538e-01,-7.588413e-01,6.505585e-01,3.055106e-02,-6.505743e-01,-7.593661e-01,1.078381e-02,3.021493e-02,-1.169253e-02,9.994751e-01,-8.280985e-04,1.709749e-01,4.944999e-01,-1.354001e-01,-9.670302e-03,-9.720429e+00,
2.786923e-02,-5.916879e-02,2.465139e+00,-1.911192e-01,4.473008e-02,-9.699553e+00,7.308683e-03,8.829894e-03,3.720153e-03,-6.672212e+00,9.937200e+01,-1.394155e+02,-1.731280e+00,-6.529862e-01,-7.591007e-01,6.502650e-01,3.035710e-02,-6.502718e-01,-7.596220e-01,1.099861e-02,3.021193e-02,-1.139131e-02,9.994786e-01,-1.135253e-03,1.711213e-01,4.944792e-01,-1.202852e-01,-1.638018e-02,-9.700780e+00,
2.885831e-02,-6.132664e-02,2.465204e+00,-1.987034e-01,5.727582e-02,-9.686683e+00,6.900663e-03,8.391074e-03,3.395472e-03,-6.672634e+00,9.937200e+01,-1.394444e+02,-1.732865e+00,-6.375409e-01,-7.594280e-01,6.498896e-01,3.020847e-02,-6.498882e-01,-7.599472e-01,1.120614e-02,3.023960e-02,-1.112187e-02,9.994808e-01,-1.531668e-03,1.714198e-01,4.944632e-01,-1.044960e-01,-2.294196e-02,-9.688300e+00,
2.785289e-02,-6.130408e-02,2.465142e+00,-2.085773e-01,4.768653e-02,-9.709338e+00,6.872311e-03,9.862741e-03,3.326576e-03,-6.672916e+00,9.937200e+01,-1.394644e+02,-1.724577e+00,-6.208799e-01,-7.596583e-01,6.496342e-01,2.991359e-02,-6.496259e-01,-7.601698e-01,1.132267e-02,3.009501e-02,-1.083128e-02,9.994885e-01,-1.474862e-03,1.716027e-01,4.944236e-01,-1.010149e-01,-1.068828e-02,-9.711165e+00,
2.687211e-02,-5.807709e-02,2.465068e+00,-2.137614e-01,4.817414e-02,-9.731122e+00,7.015874e-03,9.492518e-03,2.772236e-03,-6.673806e+00,9.938300e+01,-1.394926e+02,-1.716812e+00,-6.019639e-01,-7.599804e-01,6.492718e-01,2.960181e-02,-6.492553e-01,-7.604842e-01,1.147107e-02,2.995955e-02,-1.050134e-02,9.994961e-01,-1.014751e-03,1.713416e-01,4.943694e-01,-9.432626e-02,-9.476334e-03,-9.733129e+00,
2.892330e-02,-5.278290e-02,2.465150e+00,-2.140616e-01,5.962501e-02,-9.706289e+00,6.892480e-03,1.031080e-02,2.314914e-03,-6.673611e+00,9.937200e+01,-1.395264e+02,-1.703000e+00,-5.830335e-01,-7.603685e-01,6.488345e-01,2.921091e-02,-6.488115e-01,-7.608615e-01,1.154860e-02,2.971859e-02,-1.017118e-02,9.995065e-01,-7.584244e-04,1.703801e-01,4.943695e-01,-8.207704e-02,-1.857475e-02,-9.708468e+00,
2.787730e-02,-5.810061e-02,2.465132e+00,-2.216268e-01,6.528001e-02,-9.709852e+00,6.964503e-03,1.034817e-02,2.046394e-03,-6.673025e+00,9.937701e+01,-1.395631e+02,-1.688142e+00,-5.632287e-01,-7.607907e-01,6.483583e-01,2.879693e-02,-6.483285e-01,-7.612721e-01,1.162488e-02,2.945938e-02,-9.825773e-03,9.995178e-01,-1.358648e-03,1.713173e-01,4.943538e-01,-6.867741e-02,-1.888468e-02,-9.712340e+00,
2.687181e-02,-5.807910e-02,2.465084e+00,-2.397546e-01,6.491568e-02,-9.710755e+00,6.960431e-03,1.115130e-02,1.772546e-03,-6.672666e+00,9.936600e+01,-1.395981e+02,-1.671775e+00,-5.452794e-01,-7.611926e-01,6.479046e-01,2.838362e-02,-6.478695e-01,-7.616622e-01,1.166085e-02,2.917384e-02,-9.512729e-03,9.995292e-01,-1.317043e-03,1.714639e-01,4.943295e-01,-5.106774e-02,-7.349730e-03,-9.713797e+00,
2.990410e-02,-5.601097e-02,2.465244e+00,-2.643053e-01,6.594774e-02,-9.710312e+00,7.403512e-03,1.174018e-02,1.461797e-03,-6.671558e+00,9.937701e+01,-1.396397e+02,-1.654410e+00,-5.257801e-01,-7.616693e-01,6.473632e-01,2.794093e-02,-6.473224e-01,-7.621265e-01,1.170344e-02,2.887090e-02,-9.172641e-03,9.995410e-01,-1.599275e-03,1.708299e-01,4.943609e-01,-2.730978e-02,7.186189e-03,-9.714091e+00,
2.891465e-02,-5.385317e-02,2.465175e+00,-2.785005e-01,8.115805e-02,-9.675885e+00,7.147391e-03,1.202290e-02,1.175552e-03,-6.671051e+00,9.937200e+01,-1.396802e+02,-1.638556e+00,-5.107155e-01,-7.621332e-01,6.468332e-01,2.756825e-02,-6.467886e-01,-7.625796e-01,1.170521e-02,2.859430e-02,-8.909905e-03,9.995515e-01,-1.263655e-03,1.706520e-01,4.943350e-01,-1.997054e-03,4.983224e-03,-9.680232e+00,
2.687995e-02,-5.700987e-02,2.465063e+00,-2.966387e-01,9.985375e-02,-9.678519e+00,7.462890e-03,1.059029e-02,9.417610e-04,-6.672988e+00,9.937701e+01,-1.397215e+02,-1.633146e+00,-4.960018e-01,-7.626011e-01,6.462910e-01,2.733871e-02,-6.462408e-01,-7.630420e-01,1.182027e-02,2.849992e-02,-8.653241e-03,9.995563e-01,-1.352106e-03,1.714204e-01,4.942847e-01,2.615336e-02,1.104757e-03,-9.683543e+00,
2.786915e-02,-5.916838e-02,2.465134e+00,-3.230776e-01,8.642500e-02,-9.678920e+00,7.662987e-03,1.255073e-02,9.475131e-04,-6.673011e+00,9.937200e+01,-1.397664e+02,-1.617261e+00,-4.801976e-01,-7.631138e-01,6.457018e-01,2.695831e-02,-6.456478e-01,-7.635439e-01,1.183045e-02,2.822279e-02,-8.377595e-03,9.995667e-01,-1.815875e-03,1.716271e-01,4.943008e-01,4.142243e-02,2.809912e-02,-9.684568e+00,
2.686377e-02,-5.914589e-02,2.465077e+00,-3.456452e-01,9.085583e-02,-9.671885e+00,7.974893e-03,1.298130e-02,6.126821e-04,-6.672923e+00,9.937200e+01,-1.398134e+02,-1.600465e+00,-4.635588e-01,-7.636487e-01,6.450855e-01,2.655681e-02,-6.450276e-01,-7.640675e-01,1.184116e-02,2.792976e-02,-8.087384e-03,9.995772e-01,-1.732926e-03,1.717634e-01,4.942784e-01,6.570697e-02,3.900434e-02,-9.678185e+00,
2.785286e-02,-6.130376e-02,2.465141e+00,-3.637365e-01,1.058798e-01,-9.649701e+00,8.506222e-03,1.223445e-02,6.569587e-04,-6.672969e+00,9.937701e+01,-1.398593e+02,-1.589718e+00,-4.453012e-01,-7.641696e-01,6.444824e-01,2.621760e-02,-6.444186e-01,-7.645798e-01,1.194264e-02,2.774226e-02,-7.768904e-03,9.995850e-01,-2.172993e-03,1.720161e-01,4.942772e-01,9.320208e-02,3.820211e-02,-9.656610e+00,
2.790957e-02,-5.382926e-02,2.465102e+00,-3.815506e-01,9.399521e-02,-9.652038e+00,8.780872e-03,1.318449e-02,5.249420e-04,-6.673625e+00,9.937701e+01,-1.399059e+02,-1.575000e+00,-4.260869e-01,-7.646992e-01,6.438703e-01,2.581495e-02,-6.438012e-01,-7.650986e-01,1.201250e-02,2.748547e-02,-7.433742e-03,9.995946e-01,-1.340640e-03,1.709790e-01,4.942432e-01,1.031253e-01,5.778199e-02,-9.659310e+00,
2.591559e-02,-5.164723e-02,2.464970e+00,-4.092012e-01,8.447906e-02,-9.653628e+00,8.904100e-03,1.203382e-02,4.150082e-04,-6.674425e+00,9.937200e+01,-1.399534e+02,-1.569243e+00,-4.072151e-01,-7.652344e-01,6.432452e-01,2.553614e-02,-6.431691e-01,-7.656274e-01,1.217867e-02,2.738504e-02,-7.104521e-03,9.995998e-01,-7.922696e-04,1.709993e-01,4.941727e-01,1.209592e-01,8.093778e-02,-9.661571e+00,
2.989650e-02,-5.707538e-02,2.465208e+00,-4.263652e-01,1.018846e-01,-9.647357e+00,9.298927e-03,1.344870e-02,3.665605e-04,-6.675941e+00,9.937701e+01,-1.399965e+02,-1.556845e+00,-3.874789e-01,-7.657225e-01,6.426788e-01,2.515823e-02,-6.425969e-01,-7.661059e-01,1.228430e-02,2.716873e-02,-6.760236e-03,9.996080e-01,-2.086233e-03,1.713633e-01,4.942231e-01,1.492460e-01,7.741552e-02,-9.655849e+00,
2.486975e-02,-5.696244e-02,2.464923e+00,-4.431121e-01,9.368790e-02,-9.633367e+00,9.986407e-03,1.366442e-02,4.540233e-04,-6.676896e+00,9.937200e+01,-1.400390e+02,-1.543115e+00,-3.635705e-01,-7.662038e-01,6.421222e-01,2.471578e-02,-6.420332e-01,-7.665761e-01,1.243167e-02,2.692918e-02,-6.343160e-03,9.996172e-01,-1.446739e-03,1.720375e-01,4.941145e-01,1.615771e-01,9.291492e-02,-9.642205e+00,
2.893993e-02,-5.064525e-02,2.465109e+00,-4.491034e-01,8.768016e-02,-9.656602e+00,1.044741e-02,1.283737e-02,5.194289e-04,-6.677486e+00,9.938801e+01,-1.400847e+02,-1.534427e+00,-3.371337e-01,-7.667192e-01,6.415221e-01,2.431344e-02,-6.414240e-01,-7.670821e-01,1.266862e-02,2.677760e-02,-5.881950e-03,9.996242e-01,-1.338894e-03,1.707617e-01,4.941184e-01,1.657998e-01,9.847207e-02,-9.665515e+00,
2.691337e-02,-5.273554e-02,2.465008e+00,-4.653412e-01,7.295793e-02,-9.672992e+00,1.078452e-02,1.236706e-02,3.840291e-04,-6.677195e+00,9.938300e+01,-1.401306e+02,-1.529728e+00,-3.091246e-01,-7.672340e-01,6.409200e-01,2.394734e-02,-6.408114e-01,-7.675886e-01,1.297184e-02,2.669562e-02,-5.393293e-03,9.996290e-01,-1.350292e-03,1.714684e-01,4.940356e-01,1.721434e-01,1.167178e-01,-9.682220e+00,
2.488650e-02,-5.482476e-02,2.464888e+00,-4.655826e-01,7.846778e-02,-9.690226e+00,1.100434e-02,1.210736e-02,6.293111e-04,-6.679315e+00,9.937200e+01,-1.401746e+02,-1.526998e+00,-2.805362e-01,-7.677273e-01,6.403420e-01,2.360123e-02,-6.402224e-01,-7.680744e-01,1.330617e-02,2.664800e-02,-4.894523e-03,9.996330e-01,-1.356107e-03,1.721898e-01,4.939439e-01,1.789855e-01,1.088675e-01,-9.699459e+00,
2.893182e-02,-5.171308e-02,2.465114e+00,-4.688149e-01,6.798057e-02,-9.693892e+00,1.161468e-02,1.199742e-02,3.761101e-04,-6.677968e+00,9.937200e+01,-1.402158e+02,-1.524844e+00,-2.482279e-01,-7.681877e-01,6.398034e-01,2.322112e-02,-6.396714e-01,-7.685264e-01,1.369852e-02,2.661040e-02,-4.330847e-03,9.996365e-01,-1.636713e-03,1.714558e-01,4.939331e-01,1.785291e-01,1.148507e-01,-9.703138e+00,
2.692927e-02,-5.059991e-02,2.464998e+00,-4.651893e-01,5.361329e-02,-9.742630e+00,1.171107e-02,1.251811e-02,7.820496e-04,-6.677250e+00,9.937701e+01,-1.402657e+02,-1.516086e+00,-2.131041e-01,-7.687476e-01,6.391485e-01,2.272372e-02,-6.390048e-01,-7.690744e-01,1.405209e-02,2.645760e-02,-3.718058e-03,9.996430e-01,-1.318376e-03,1.717210e-01,4.938355e-01,1.704912e-01,1.191213e-01,-9.751659e+00,
2.891568e-02,-5.384876e-02,2.465129e+00,-4.579920e-01,4.044112e-02,-9.753828e+00,1.212690e-02,1.334676e-02,8.393463e-04,-6.677918e+00,9.938801e+01,-1.403070e+02,-1.501272e+00,-1.747732e-01,-7.692139e-01,6.386088e-01,2.210775e-02,-6.384541e-01,-7.695255e-01,1.438542e-02,2.619914e-02,-3.049317e-03,9.996521e-01,-2.184425e-03,1.721268e-01,4.938112e-01,1.624847e-01,1.209734e-01,-9.762557e+00,
2.794252e-02,-4.955661e-02,2.465074e+00,-4.446069e-01,4.607710e-02,-9.757951e+00,1.198887e-02,1.179380e-02,9.931172e-04,-6.675847e+00,9.937200e+01,-1.403533e+02,-1.497493e+00,-1.387349e-01,-7.697307e-01,6.380010e-01,2.166731e-02,-6.378336e-01,-7.700318e-01,1.480984e-02,2.613322e-02,-2.420552e-03,9.996555e-01,-1.614964e-03,1.718412e-01,4.937168e-01,1.601962e-01,1.035906e-01,-9.766319e+00,
2.795854e-02,-4.742128e-02,2.465071e+00,-4.472916e-01,3.576945e-02,-9.774231e+00,1.243841e-02,1.266606e-02,8.949580e-04,-6.674076e+00,9.938801e+01,-1.403947e+02,-1.491025e+00,-1.012682e-01,-7.701933e-01,6.374590e-01,2.117421e-02,-6.372796e-01,-7.704823e-01,1.522609e-02,2.602036e-02,-1.766865e-03,9.996600e-01,-1.488504e-03,1.717437e-01,4.936407e-01,1.603409e-01,1.086668e-01,-9.782609e+00,
2.692848e-02,-5.060355e-02,2.465044e+00,-4.380285e-01,2.432065e-02,-9.804915e+00,1.230811e-02,1.081800e-02,1.078858e-03,-6.672562e+00,9.938300e+01,-1.404317e+02,-1.495963e+00,-6.486785e-02,-7.706033e-01,6.369742e-01,2.084579e-02,-6.367803e-01,-7.708844e-01,1.575702e-02,2.610651e-02,-1.131772e-03,9.996586e-01,-1.779575e-03,1.725986e-01,4.935370e-01,1.486467e-01,1.056832e-01,-9.813031e+00,
2.795841e-02,-4.742226e-02,2.465081e+00,-4.138919e-01,3.046021e-02,-9.803391e+00,1.268582e-02,1.333500e-02,1.500006e-03,-6.672459e+00,9.937701e+01,-1.404671e+02,-1.486320e+00,-2.679520e-02,-7.710004e-01,6.365111e-01,2.030282e-02,-6.363064e-01,-7.712675e-01,1.614955e-02,2.593827e-02,-4.675072e-04,9.996636e-01,-1.716625e-03,1.722144e-01,4.934779e-01,1.394626e-01,8.154881e-02,-9.810843e+00,
2.694499e-02,-4.846788e-02,2.465034e+00,-3.952502e-01,3.499413e-02,-9.803734e+00,1.267602e-02,1.157329e-02,1.289383e-03,-6.672397e+00,9.938801e+01,-1.405063e+02,-1.486532e+00,1.079560e-02,-7.714345e-01,6.359975e-01,1.989943e-02,-6.357797e-01,-7.716910e-01,1.664433e-02,2.594197e-02,1.883553e-04,9.996635e-01,-1.784592e-03,1.727394e-01,4.933756e-01,1.320771e-01,6.111082e-02,-9.810682e+00,
2.592361e-02,-5.058039e-02,2.464978e+00,-3.896695e-01,2.823317e-02,-9.816180e+00,1.295824e-02,1.104152e-02,1.569603e-03,-6.672487e+00,9.937701e+01,-1.405422e+02,-1.487286e+00,5.148933e-02,-7.718331e-01,6.355271e-01,1.946866e-02,-6.352953e-01,-7.720780e-01,1.718857e-02,2.595513e-02,8.983556e-04,9.996628e-01,-2.001519e-03,1.734442e-01,4.932628e-01,1.275949e-01,5.703093e-02,-9.822959e+00,
2.396147e-02,-4.412738e-02,2.464829e+00,-3.775339e-01,2.019995e-02,-9.846763e+00,1.318328e-02,1.093535e-02,1.482652e-03,-6.673871e+00,9.938300e+01,-1.405822e+02,-1.483203e+00,9.696160e-02,-7.722782e-01,6.350027e-01,1.892167e-02,-6.347570e-01,-7.725081e-01,1.774282e-02,2.588388e-02,1.691732e-03,9.996636e-01,-1.103184e-03,1.730208e-01,4.931276e-01,1.180710e-01,4.932833e-02,-9.853189e+00,
2.508070e-02,-2.919943e-02,2.464794e+00,-3.570299e-01,2.420971e-02,-9.847470e+00,1.321264e-02,1.198148e-02,1.734708e-03,-6.675886e+00,9.938801e+01,-1.406168e+02,-1.473076e+00,1.423164e-01,-7.726640e-01,6.345518e-01,1.829349e-02,-6.342946e-01,-7.728765e-01,1.823112e-02,2.570720e-02,2.483067e-03,9.996665e-01,3.032330e-04,1.709615e-01,4.930462e-01,1.110818e-01,2.822059e-02,-9.853304e+00,
2.595592e-02,-4.630840e-02,2.464951e+00,-3.370238e-01,1.707043e-02,-9.874591e+00,1.338103e-02,1.032977e-02,1.889497e-03,-6.675105e+00,9.937200e+01,-1.406502e+02,-1.473461e+00,1.875892e-01,-7.730340e-01,6.341147e-01,1.780828e-02,-6.338434e-01,-7.732321e-01,1.883568e-02,2.571391e-02,3.272962e-03,9.996641e-01,-2.014454e-03,1.736516e-01,4.929643e-01,9.550604e-02,1.442629e-02,-9.879885e+00,
2.395344e-02,-4.519494e-02,2.464820e+00,-3.232616e-01,3.023362e-03,-9.913595e+00,1.295318e-02,1.209642e-02,2.278425e-03,-6.674488e+00,9.938801e+01,-1.406871e+02,-1.464929e+00,2.295032e-01,-7.734447e-01,6.336293e-01,1.724171e-02,-6.333481e-01,-7.736265e-01,1.929584e-02,2.556505e-02,4.004266e-03,9.996652e-01,-1.767066e-03,1.739614e-01,4.928477e-01,8.101341e-02,1.110701e-02,-9.918529e+00,
2.596422e-02,-4.523996e-02,2.464938e+00,-3.084892e-01,-1.070208e-02,-9.963973e+00,1.303834e-02,9.369261e-03,2.131794e-03,-6.675540e+00,9.937200e+01,-1.407309e+02,-1.472265e+00,2.714380e-01,-7.739257e-01,6.330513e-01,1.689221e-02,-6.327552e-01,-7.740956e-01,1.993025e-02,2.569305e-02,4.735907e-03,9.996589e-01,-2.114850e-03,1.740492e-01,4.927664e-01,6.365925e-02,4.898027e-03,-9.968551e+00,
2.698557e-02,-4.312709e-02,2.464990e+00,-2.958623e-01,-1.390536e-02,-9.982718e+00,1.272393e-02,1.003523e-02,2.394693e-03,-6.674358e+00,9.938300e+01,-1.407627e+02,-1.472780e+00,3.136388e-01,-7.742770e-01,6.326331e-01,1.644427e-02,-6.323248e-01,-7.744323e-01,2.049695e-02,2.570203e-02,5.472194e-03,9.996547e-01,-2.144513e-03,1.739045e-01,4.926818e-01,5.612385e-02,-6.765425e-03,-9.986951e+00,
2.597989e-02,-4.310621e-02,2.464952e+00,-2.847848e-01,-2.568138e-02,-1.001839e+01,1.237242e-02,8.917720e-03,2.354433e-03,-6.672771e+00,9.938300e+01,-1.408018e+02,-1.476640e+00,3.563575e-01,-7.747074e-01,6.321164e-01,1.603918e-02,-6.317946e-01,-7.748485e-01,2.110600e-02,2.576938e-02,6.217507e-03,9.996486e-01,-2.086322e-03,1.743279e-01,4.925609e-01,4.370455e-02,-1.162340e-02,-1.002237e+01,
2.496662e-02,-4.415087e-02,2.464894e+00,-2.814886e-01,-3.672677e-02,-1.004466e+01,1.222911e-02,8.328495e-03,2.665428e-03,-6.673040e+00,9.938300e+01,-1.408402e+02,-1.483532e+00,3.984929e-01,-7.751277e-01,6.316100e-01,1.568206e-02,-6.312739e-01,-7.752551e-01,2.174132e-02,2.588963e-02,6.952627e-03,9.996406e-01,-2.132193e-03,1.749201e-01,4.924302e-01,3.747177e-02,-1.221503e-02,-1.004859e+01,
2.496686e-02,-4.415023e-02,2.464889e+00,-2.658183e-01,-4.739258e-02,-1.004877e+01,1.206684e-02,9.539580e-03,2.681717e-03,-6.673331e+00,9.938300e+01,-1.408749e+02,-1.483134e+00,4.399263e-01,-7.755106e-01,6.311508e-01,1.523343e-02,-6.308038e-01,-7.756222e-01,2.228831e-02,2.588267e-02,7.675515e-03,9.996356e-01,-2.256603e-03,1.751951e-01,4.923310e-01,2.315587e-02,-1.953210e-02,-1.005235e+01,
2.599671e-02,-4.096862e-02,2.464920e+00,-2.682347e-01,-5.200858e-02,-1.006149e+01,1.153950e-02,8.954084e-03,2.560823e-03,-6.674298e+00,9.938300e+01,-1.409086e+02,-1.486199e+00,4.782037e-01,-7.758808e-01,6.307046e-01,1.486670e-02,-6.303464e-01,-7.759783e-01,2.283147e-02,2.593615e-02,8.343326e-03,9.996289e-01,-2.115918e-03,1.748812e-01,4.922491e-01,2.573487e-02,-2.028041e-02,-1.006515e+01,
2.401011e-02,-3.772042e-02,2.464796e+00,-2.606941e-01,-5.143180e-02,-1.006489e+01,1.083095e-02,9.114258e-03,2.710520e-03,-6.675352e+00,9.937701e+01,-1.409458e+02,-1.488354e+00,5.121323e-01,-7.762883e-01,6.302106e-01,1.453751e-02,-6.298429e-01,-7.763729e-01,2.330527e-02,2.597376e-02,8.935262e-03,9.996228e-01,-1.499006e-03,1.748806e-01,4.921364e-01,2.364247e-02,-3.043839e-02,-1.006832e+01,
2.602932e-02,-3.669703e-02,2.464890e+00,-2.576377e-01,-6.344518e-02,-1.007850e+01,1.047099e-02,7.329353e-03,3.168172e-03,-6.675140e+00,9.937200e+01,-1.409860e+02,-1.500586e+00,5.439193e-01,-7.767254e-01,6.296756e-01,1.437033e-02,-6.292949e-01,-7.768003e-01,2.386038e-02,2.618717e-02,9.489784e-03,9.996120e-01,-1.642798e-03,1.747713e-01,4.920666e-01,1.533252e-02,-2.906244e-02,-1.008194e+01,
2.801557e-02,-3.994625e-02,2.465033e+00,-2.527039e-01,-5.741256e-02,-1.008174e+01,9.824167e-03,8.301274e-03,3.102810e-03,-6.675294e+00,9.938801e+01,-1.410180e+02,-1.507693e+00,5.709733e-01,-7.770746e-01,6.292488e-01,1.418294e-02,-6.288584e-01,-7.771402e-01,2.429730e-02,2.631118e-02,9.961749e-03,9.996042e-01,-2.321107e-03,1.752320e-01,4.920191e-01,1.725417e-02,-4.142655e-02,-1.008497e+01,
2.802366e-02,-3.887831e-02,2.465024e+00,-2.515082e-01,-6.723319e-02,-1.007804e+01,9.110729e-03,8.178183e-03,3.006590e-03,-6.674309e+00,9.938300e+01,-1.410538e+02,-1.515088e+00,5.942269e-01,-7.774645e-01,6.287700e-01,1.404327e-02,-6.283708e-01,-7.775222e-01,2.468509e-02,2.644020e-02,1.036740e-02,9.995966e-01,-2.164404e-03,1.752712e-01,4.919496e-01,1.173581e-02,-3.846176e-02,-1.008133e+01,
2.702611e-02,-3.778794e-02,2.464963e+00,-2.475461e-01,-6.422556e-02,-1.006708e+01,8.760453e-03,7.452209e-03,3.066115e-03,-6.674686e+00,9.938801e+01,-1.410580e+02,-1.526438e+00,6.152712e-01,-7.775071e-01,6.287193e-01,1.396818e-02,-6.283100e-01,-7.775584e-01,2.509410e-02,2.663822e-02,1.073449e-02,9.995877e-01,-1.915905e-03,1.754311e-01,4.918633e-01,1.147018e-02,-4.714954e-02,-1.007021e+01,
2.803953e-02,-3.674391e-02,2.465031e+00,-2.499771e-01,-6.730919e-02,-1.005630e+01,7.969568e-03,9.007218e-03,3.158738e-03,-6.673176e+00,9.938300e+01,-1.410617e+02,-1.528808e+00,6.320670e-01,-7.775460e-01,6.286743e-01,1.381764e-02,-6.282599e-01,-7.775906e-01,2.534715e-02,2.667957e-02,1.102750e-02,9.995832e-01,-2.005500e-03,1.752837e-01,4.918385e-01,1.309878e-02,-4.550897e-02,-1.005952e+01,
3.009883e-02,-3.038197e-02,2.465109e+00,-2.584041e-01,-6.882496e-02,-1.003979e+01,7.624983e-03,6.891793e-03,3.363998e-03,-6.673032e+00,9.937200e+01,-1.410643e+02,-1.543671e+00,6.469801e-01,-7.775694e-01,6.286443e-01,1.385689e-02,-6.282197e-01,-7.776109e-01,2.571187e-02,2.693889e-02,1.128759e-02,9.995733e-01,-1.528104e-03,1.742887e-01,4.918130e-01,1.854049e-02,-4.228812e-02,-1.004324e+01,
2.803167e-02,-3.781019e-02,2.465012e+00,-2.647832e-01,-7.153539e-02,-1.002860e+01,7.026705e-03,7.926340e-03,3.317431e-03,-6.674029e+00,9.938300e+01,-1.410672e+02,-1.553199e+00,6.577239e-01,-7.775974e-01,6.286094e-01,1.386960e-02,-6.281779e-01,-7.776363e-01,2.596144e-02,2.710512e-02,1.147498e-02,9.995666e-01,-2.091364e-03,1.757436e-01,4.917246e-01,2.183428e-02,-3.839740e-02,-1.003225e+01,
2.600459e-02,-3.990141e-02,2.464920e+00,-2.736411e-01,-7.616828e-02,-1.002531e+01,6.243011e-03,7.543860e-03,3.018362e-03,-6.674661e+00,9.938801e+01,-1.410717e+02,-1.565391e+00,6.635250e-01,-7.776431e-01,6.285507e-01,1.397350e-02,-6.281123e-01,-7.776824e-01,2.617273e-02,2.731783e-02,1.157612e-02,9.995598e-01,-1.978617e-03,1.763938e-01,4.916551e-01,2.483086e-02,-3.127758e-02,-1.002925e+01,
2.906140e-02,-3.462953e-02,2.465057e+00,-2.886435e-01,-8.383470e-02,-1.000478e+01,6.042015e-03,6.638772e-03,3.607479e-03,-6.673698e+00,9.938801e+01,-1.410730e+02,-1.583182e+00,6.682533e-01,-7.776508e-01,6.285370e-01,1.416368e-02,-6.280892e-01,-7.776924e-01,2.643161e-02,2.762823e-02,1.165850e-02,9.995503e-01,-1.705033e-03,1.753885e-01,4.916630e-01,3.006618e-02,-1.795083e-02,-1.000923e+01,
2.705091e-02,-3.458390e-02,2.464938e+00,-2.977302e-01,-7.770589e-02,-9.986259e+00,5.260992e-03,7.192608e-03,3.731859e-03,-6.675146e+00,9.938300e+01,-1.410735e+02,-1.598372e+00,6.682101e-01,-7.776498e-01,6.285335e-01,1.437050e-02,-6.280787e-01,-7.776952e-01,2.659741e-02,2.789323e-02,1.165767e-02,9.995430e-01,-1.302600e-03,1.757006e-01,4.916014e-01,3.918153e-02,-1.817916e-02,-9.990906e+00,
2.810465e-02,-2.819978e-02,2.464967e+00,-3.132443e-01,-8.545297e-02,-9.968613e+00,4.547471e-03,6.461933e-03,3.593979e-03,-6.675382e+00,9.938300e+01,-1.410748e+02,-1.619764e+00,6.629693e-01,-7.776557e-01,6.285182e-01,1.471891e-02,-6.280547e-01,-7.777089e-01,2.676043e-02,2.826644e-02,1.156612e-02,9.995336e-01,-5.258955e-04,1.747216e-01,4.915981e-01,4.316033e-02,-3.572226e-03,-9.973806e+00,
2.905339e-02,-3.569734e-02,2.465068e+00,-3.254628e-01,-8.454588e-02,-9.954588e+00,4.007618e-03,7.629693e-03,3.812336e-03,-6.675149e+00,9.937701e+01,-1.410746e+02,-1.637722e+00,6.526080e-01,-7.776476e-01,6.285195e-01,1.507625e-02,-6.280504e-01,-7.777104e-01,2.681665e-02,2.857975e-02,1.138526e-02,9.995266e-01,-1.375522e-03,1.757355e-01,4.915964e-01,4.987879e-02,3.210574e-03,-9.960139e+00,
3.106390e-02,-3.574207e-02,2.465171e+00,-3.387528e-01,-7.671534e-02,-9.917256e+00,3.386914e-03,6.596495e-03,4.234584e-03,-6.674479e+00,9.938300e+01,-1.410721e+02,-1.662867e+00,6.375543e-01,-7.776092e-01,6.285550e-01,1.558142e-02,-6.280780e-01,-7.776857e-01,2.688864e-02,2.901844e-02,1.112251e-02,9.995170e-01,-1.432633e-03,1.755399e-01,4.916148e-01,6.067254e-02,5.762100e-03,-9.923150e+00,
3.004234e-02,-3.785522e-02,2.465126e+00,-3.485679e-01,-8.261486e-02,-9.898713e+00,2.787856e-03,5.724026e-03,3.840001e-03,-6.675109e+00,9.938300e+01,-1.410719e+02,-1.689741e+00,6.223009e-01,-7.775964e-01,6.285573e-01,1.611337e-02,-6.280720e-01,-7.776876e-01,2.697624e-02,2.948728e-02,1.085627e-02,9.995064e-01,-1.270935e-03,1.760131e-01,4.915816e-01,5.961531e-02,1.614428e-02,-9.905002e+00,
2.805576e-02,-3.460703e-02,2.465003e+00,-3.651142e-01,-7.460752e-02,-9.868966e+00,2.152839e-03,7.239983e-03,4.361252e-03,-6.675148e+00,9.938801e+01,-1.410686e+02,-1.707069e+00,6.039835e-01,-7.775540e-01,6.285984e-01,1.654796e-02,-6.281101e-01,-7.776587e-01,2.691848e-02,2.978958e-02,1.053663e-02,9.995007e-01,-3.898740e-04,1.757429e-01,4.915645e-01,7.368653e-02,2.169353e-02,-9.875701e+00,
3.003392e-02,-3.892462e-02,2.465148e+00,-3.765537e-01,-7.877404e-02,-9.838668e+00,1.650496e-03,5.141192e-03,4.311084e-03,-6.673454e+00,9.938300e+01,-1.410658e+02,-1.734258e+00,5.844328e-01,-7.775114e-01,6.286354e-01,1.713005e-02,-6.281401e-01,-7.776332e-01,2.695201e-02,3.026389e-02,1.019543e-02,9.994899e-01,-9.102905e-04,1.761580e-01,4.915891e-01,7.471779e-02,3.261387e-02,-9.845849e+00,
3.104743e-02,-3.787933e-02,2.465204e+00,-3.980521e-01,-7.342742e-02,-9.821422e+00,1.069652e-03,6.277404e-03,4.720699e-03,-6.672197e+00,9.938801e+01,-1.410605e+02,-1.754734e+00,5.616148e-01,-7.774454e-01,6.287027e-01,1.765578e-02,-6.282048e-01,-7.775841e-01,2.686841e-02,3.062109e-02,9.797276e-03,9.994831e-01,-6.891210e-04,1.758436e-01,4.916229e-01,8.989489e-02,4.326823e-02,-9.829253e+00,
3.305004e-02,-3.899249e-02,2.465321e+00,-4.100548e-01,-7.447559e-02,-9.785575e+00,4.729321e-04,4.778991e-03,4.953380e-03,-6.672742e+00,9.938300e+01,-1.410539e+02,-1.784418e+00,5.351593e-01,-7.773612e-01,6.287871e-01,1.834577e-02,-6.282834e-01,-7.775216e-01,2.683691e-02,3.113893e-02,9.335628e-03,9.994715e-01,-7.905019e-04,1.757537e-01,4.916609e-01,9.240751e-02,5.292246e-02,-9.793868e+00,
3.003387e-02,-3.892556e-02,2.465163e+00,-4.204563e-01,-7.614600e-02,-9.760643e+00,-2.740295e-05,5.412574e-03,4.993967e-03,-6.672065e+00,9.937200e+01,-1.410470e+02,-1.811730e+00,5.055055e-01,-7.772730e-01,6.288756e-01,1.903848e-02,-6.283688e-01,-7.774561e-01,2.673630e-02,3.161539e-02,8.818211e-03,9.994612e-01,-1.811516e-05,1.760495e-01,4.916318e-01,9.309514e-02,6.243834e-02,-9.769349e+00,
2.903640e-02,-3.783552e-02,2.465107e+00,-4.379841e-01,-6.425662e-02,-9.715410e+00,-5.131710e-04,5.033358e-03,5.243046e-03,-6.670686e+00,9.936101e+01,-1.410385e+02,-1.843954e+00,4.716503e-01,-7.771660e-01,6.289828e-01,1.984326e-02,-6.284726e-01,-7.773758e-01,2.663323e-02,3.217752e-02,8.227497e-03,9.994484e-01,6.315717e-04,1.759558e-01,4.916355e-01,1.071847e-01,6.645980e-02,-9.724673e+00,
3.103125e-02,-4.001456e-02,2.465195e+00,-4.551443e-01,-6.007523e-02,-9.670557e+00,-9.576771e-04,5.503240e-03,5.458490e-03,-6.672443e+00,9.936101e+01,-1.410287e+02,-1.873023e+00,4.357686e-01,-7.770457e-01,6.291063e-01,2.062691e-02,-6.285953e-01,-7.772822e-01,2.646876e-02,3.268459e-02,7.601461e-03,9.994369e-01,4.428653e-04,1.759567e-01,4.916900e-01,1.164005e-01,7.682925e-02,-9.680445e+00,
2.904505e-02,-3.676457e-02,2.465062e+00,-4.691790e-01,-6.144520e-02,-9.647279e+00,-1.398420e-03,6.477642e-03,6.127130e-03,-6.675139e+00,9.937200e+01,-1.410150e+02,-1.893879e+00,3.983809e-01,-7.768862e-01,6.292801e-01,2.131401e-02,-6.287730e-01,-7.771475e-01,2.619545e-02,3.304841e-02,6.949205e-03,9.994296e-01,1.420612e-03,1.755791e-01,4.917053e-01,1.202102e-01,9.004429e-02,-9.657709e+00,
2.805607e-02,-3.460700e-02,2.465003e+00,-4.914101e-01,-5.395183e-02,-9.619390e+00,-1.813404e-03,6.449619e-03,5.997249e-03,-6.675137e+00,9.938300e+01,-1.410021e+02,-1.913294e+00,3.592390e-01,-7.767361e-01,6.294418e-01,2.200133e-02,-6.289406e-01,-7.770224e-01,2.588253e-02,3.338708e-02,6.266368e-03,9.994229e-01,2.126019e-03,1.752244e-01,4.917451e-01,1.360970e-01,1.020153e-01,-9.630584e+00,
2.799934e-02,-4.208180e-02,2.465040e+00,-5.048382e-01,-4.465462e-02,-9.588065e+00,-2.217600e-03,4.657914e-03,6.024125e-03,-6.674133e+00,9.938300e+01,-1.409892e+02,-1.943164e+00,3.177187e-01,-7.765805e-01,6.296035e-01,2.285659e-02,-6.291051e-01,-7.768970e-01,2.565248e-02,3.390811e-02,5.542021e-03,9.994097e-01,1.636432e-03,1.762099e-01,4.917832e-01,1.447823e-01,1.063307e-01,-9.599771e+00,
3.000957e-02,-4.212813e-02,2.465163e+00,-5.164505e-01,-4.088775e-02,-9.564528e+00,-2.422868e-03,5.837631e-03,6.380099e-03,-6.673832e+00,9.937200e+01,-1.409741e+02,-1.966654e+00,2.748064e-01,-7.764045e-01,6.297916e-01,2.363987e-02,-6.293001e-01,-7.767495e-01,2.533474e-02,3.431785e-02,4.793433e-03,9.993995e-01,1.684311e-03,1.758204e-01,4.918748e-01,1.491195e-01,1.144470e-01,-9.576705e+00,
2.898791e-02,-4.424229e-02,2.465127e+00,-5.308331e-01,-4.245418e-02,-9.555454e+00,-2.689711e-03,6.815765e-03,6.671603e-03,-6.672050e+00,9.937200e+01,-1.409574e+02,-1.985786e+00,2.300616e-01,-7.762111e-01,6.300014e-01,2.438364e-02,-6.295202e-01,-7.765836e-01,2.494541e-02,3.465158e-02,4.012911e-03,9.993914e-01,1.905313e-03,1.760561e-01,4.919279e-01,1.522956e-01,1.287746e-01,-9.568203e+00,
3.000133e-02,-4.319659e-02,2.465178e+00,-5.418338e-01,-4.005459e-02,-9.557052e+00,-3.085729e-03,6.166481e-03,7.073766e-03,-6.671637e+00,9.938300e+01,-1.409382e+02,-2.010579e+00,1.825176e-01,-7.759894e-01,6.302410e-01,2.523408e-02,-6.297696e-01,-7.763931e-01,2.458181e-02,3.508403e-02,3.183567e-03,9.993793e-01,2.250325e-03,1.756013e-01,4.920083e-01,1.540498e-01,1.373989e-01,-9.570257e+00,
3.099838e-02,-4.428726e-02,2.465246e+00,-5.400145e-01,-2.655233e-02,-9.513778e+00,-3.477494e-03,6.537260e-03,7.618855e-03,-6.671714e+00,9.937701e+01,-1.409160e+02,-2.036014e+00,1.317036e-01,-7.757325e-01,6.305209e-01,2.612809e-02,-6.300611e-01,-7.761690e-01,2.418295e-02,3.552767e-02,2.297209e-03,9.993661e-01,2.357276e-03,1.754427e-01,4.920968e-01,1.535882e-01,1.307800e-01,-9.526993e+00,
3.099865e-02,-4.428694e-02,2.465244e+00,-5.543867e-01,-2.662256e-02,-9.498122e+00,-3.697797e-03,5.799893e-03,7.628746e-03,-6.671385e+00,9.938801e+01,-1.408936e+02,-2.069259e+00,7.907121e-02,-7.754701e-01,6.308004e-01,2.714808e-02,-6.303510e-01,-7.759440e-01,2.384614e-02,3.610754e-02,1.379153e-03,9.993470e-01,2.801053e-03,1.752730e-01,4.921546e-01,1.552611e-01,1.436223e-01,-9.511974e+00,
3.400645e-02,-4.542201e-02,2.465410e+00,-5.613887e-01,-2.637643e-02,-9.506442e+00,-3.545133e-03,5.324766e-03,7.599841e-03,-6.672136e+00,9.937200e+01,-1.408714e+02,-2.102070e+00,2.834285e-02,-7.752098e-01,6.310768e-01,2.814152e-02,-6.306381e-01,-7.757203e-01,2.353099e-02,3.667981e-02,4.943432e-04,9.993270e-01,2.659258e-03,1.749234e-01,4.922605e-01,1.510228e-01,1.507978e-01,-9.520649e+00,
3.298496e-02,-4.753488e-02,2.465352e+00,-5.678343e-01,-1.231947e-02,-9.473170e+00,-3.937621e-03,5.377942e-03,8.175750e-03,-6.672660e+00,9.938300e+01,-1.408459e+02,-2.130890e+00,-2.401015e-02,-7.749147e-01,6.313959e-01,2.909777e-02,-6.309714e-01,-7.754607e-01,2.315235e-02,3.718247e-02,-4.187664e-04,9.993085e-01,2.960681e-03,1.751618e-01,4.923081e-01,1.565966e-01,1.485143e-01,-9.487728e+00,
3.098242e-02,-4.642198e-02,2.465236e+00,-5.564244e-01,-3.772271e-03,-9.462207e+00,-3.876423e-03,4.568786e-03,8.742955e-03,-6.673557e+00,9.938300e+01,-1.408171e+02,-2.163878e+00,-7.601574e-02,-7.745810e-01,6.317580e-01,3.010556e-02,-6.313468e-01,-7.751646e-01,2.282689e-02,3.775783e-02,-1.325779e-03,9.992861e-01,3.804307e-03,1.750712e-01,4.923279e-01,1.437475e-01,1.382282e-01,-9.476457e+00,
3.197975e-02,-4.751232e-02,2.465303e+00,-5.627946e-01,8.112426e-03,-9.444521e+00,-3.705675e-03,4.741859e-03,8.836797e-03,-6.672924e+00,9.937200e+01,-1.407878e+02,-2.197015e+00,-1.273527e-01,-7.742403e-01,6.321269e-01,3.110804e-02,-6.317298e-01,-7.748619e-01,2.251341e-02,3.833576e-02,-2.221089e-03,9.992626e-01,3.945114e-03,1.749523e-01,4.924016e-01,1.470658e-01,1.366198e-01,-9.459149e+00,
3.296925e-02,-4.966920e-02,2.465356e+00,-5.513445e-01,3.888546e-03,-9.445565e+00,-4.185750e-03,6.258582e-03,8.620764e-03,-6.673767e+00,9.938300e+01,-1.407597e+02,-2.223479e+00,-1.813949e-01,-7.739167e-01,6.324760e-01,3.205102e-02,-6.320980e-01,-7.745737e-01,2.209002e-02,3.879729e-02,-3.163550e-03,9.992421e-01,3.934709e-03,1.749354e-01,4.924926e-01,1.264141e-01,1.368390e-01,-9.459810e+00,
2.992865e-02,-5.280543e-02,2.465206e+00,-5.459495e-01,1.576610e-02,-9.437537e+00,-3.916004e-03,5.008260e-03,9.369685e-03,-6.673755e+00,9.937200e+01,-1.407272e+02,-2.260043e+00,-2.345174e-01,-7.735392e-01,6.328825e-01,3.311895e-02,-6.325204e-01,-7.742371e-01,2.179399e-02,3.943496e-02,-4.089905e-03,9.992138e-01,4.442334e-03,1.756019e-01,4.924946e-01,1.197301e-01,1.274359e-01,-9.451712e+00,
3.092611e-02,-5.389546e-02,2.465264e+00,-5.282154e-01,2.941782e-02,-9.414939e+00,-3.805641e-03,5.187216e-03,9.302960e-03,-6.674242e+00,9.937200e+01,-1.406951e+02,-2.297743e+00,-2.873728e-01,-7.731645e-01,6.332828e-01,3.419970e-02,-6.329371e-01,-7.739043e-01,2.151510e-02,4.009244e-02,-5.011549e-03,9.991835e-01,4.613927e-03,1.754984e-01,4.925611e-01,1.050391e-01,1.089972e-01,-9.428577e+00,
3.195578e-02,-5.071449e-02,2.465304e+00,-5.272049e-01,2.186205e-02,-9.432625e+00,-3.830941e-03,3.014390e-03,9.350743e-03,-6.674521e+00,9.938300e+01,-1.406627e+02,-2.346165e+00,-3.389361e-01,-7.727800e-01,6.336855e-01,3.541092e-02,-6.333526e-01,-7.735683e-01,2.137353e-02,4.093686e-02,-5.910559e-03,9.991444e-01,5.353797e-03,1.748362e-01,4.925953e-01,8.724916e-02,1.153863e-01,-9.446265e+00,
2.992864e-02,-5.280543e-02,2.465205e+00,-5.122175e-01,3.519939e-02,-9.444881e+00,-3.909885e-03,5.516434e-03,9.466588e-03,-6.674264e+00,9.937701e+01,-1.406297e+02,-2.375795e+00,-3.908456e-01,-7.723984e-01,6.340960e-01,3.637253e-02,-6.337842e-01,-7.732243e-01,2.102116e-02,4.145356e-02,-6.815626e-03,9.991172e-01,5.783886e-03,1.752018e-01,4.926231e-01,7.442147e-02,9.887594e-02,-9.458016e+00,
2.991245e-02,-5.494178e-02,2.465218e+00,-5.049682e-01,4.050076e-02,-9.439296e+00,-3.808532e-03,5.283206e-03,9.862949e-03,-6.673863e+00,9.937701e+01,-1.405944e+02,-2.403807e+00,-4.417701e-01,-7.719920e-01,6.345368e-01,3.730100e-02,-6.342469e-01,-7.728542e-01,2.066674e-02,4.194205e-02,-7.703482e-03,9.990903e-01,5.893454e-03,1.753328e-01,4.926887e-01,6.343541e-02,9.389378e-02,-9.452200e+00,
2.893150e-02,-5.171546e-02,2.465150e+00,-4.847483e-01,4.146895e-02,-9.441005e+00,-3.657478e-03,3.725937e-03,9.532428e-03,-6.673612e+00,9.937701e+01,-1.405610e+02,-2.440588e+00,-4.911696e-01,-7.716005e-01,6.349515e-01,3.833170e-02,-6.346806e-01,-7.725046e-01,2.042992e-02,4.258342e-02,-8.564647e-03,9.990563e-01,6.839078e-03,1.748569e-01,4.927017e-01,3.847307e-02,8.274640e-02,-9.453093e+00,
3.193902e-02,-5.285216e-02,2.465335e+00,-4.671572e-01,4.526333e-02,-9.472548e+00,-3.564315e-03,5.165969e-03,9.668300e-03,-6.672593e+00,9.937200e+01,-1.405268e+02,-2.468712e+00,-5.389620e-01,-7.712058e-01,6.353762e-01,3.922805e-02,-6.351270e-01,-7.721457e-01,2.012044e-02,4.307382e-02,-9.397794e-03,9.990278e-01,6.617464e-03,1.745037e-01,4.928144e-01,1.744395e-02,7.116239e-02,-9.483887e+00,
