MagX, MagY, MagZ, AccX, AccY, AccZ, GyroX, GyroY, GyroZ, Temp, Pres, Yaw, Pitch, Roll, DCM1, DCM2, DCM3, DCM4, DCM5, DCM6, DCM7, DCM8, DCM9, MagNED1, MagNED2, MagNED3, AccNED1, AccNED2, ACCNED3, 
-3.947870e-01,-3.657371e-01,-2.163433e+00,-2.525090e-02,-2.462916e-01,-9.792388e+00,-1.671403e-02,1.808677e-02,1.081534e-03,1.370704e+01,1.013940e+02,1.775179e+02,-3.948209e-01,1.442607e+00,-9.990382e-01,-4.312043e-02,7.972514e-03,4.330645e-02,-9.987528e-01,2.485363e-02,6.890871e-03,2.517499e-02,9.996594e-01,-4.124428e-02,8.251353e-02,-4.922512e-01,-4.192872e-02,5.204976e-04,-9.793427e+00,
-3.947732e-01,-3.646232e-01,-2.163445e+00,-2.140687e-02,-1.869009e-01,-9.718240e+00,-1.642582e-02,1.783394e-02,9.495832e-04,1.370576e+01,1.013980e+02,1.774892e+02,-3.897698e-01,1.413359e+00,-9.990169e-01,-4.362689e-02,7.874648e-03,4.380684e-02,-9.987435e-01,2.434367e-02,6.802714e-03,2.466470e-02,9.996727e-01,-4.114958e-02,8.280027e-02,-4.912429e-01,-4.756386e-02,-5.079359e-02,-9.720771e+00,
-3.947946e-01,-3.646411e-01,-2.165860e+00,-4.293412e-02,-2.627580e-01,-9.829883e+00,-1.687982e-02,1.818733e-02,9.106893e-04,1.370679e+01,1.013820e+02,1.774627e+02,-3.893064e-01,1.387646e+00,-9.989967e-01,-4.409199e-02,7.858029e-03,4.426833e-02,-9.987341e-01,2.389218e-02,6.794626e-03,2.421606e-02,9.996837e-01,-4.110806e-02,8.279121e-02,-4.926606e-01,-2.305675e-02,2.662522e-02,-9.834208e+00,
-3.957972e-01,-3.634870e-01,-2.161087e+00,-6.019164e-02,-2.645941e-01,-9.811036e+00,-1.735540e-02,1.857525e-02,8.517313e-04,1.370764e+01,1.013980e+02,1.774394e+02,-3.863862e-01,1.359519e+00,-9.989789e-01,-4.450286e-02,7.794991e-03,4.467426e-02,-9.987276e-01,2.340098e-02,6.743661e-03,2.372532e-02,9.996958e-01,-4.105134e-02,8.282886e-02,-4.923775e-01,-4.224181e-03,3.156903e-02,-9.818243e+00,
-3.947839e-01,-3.646321e-01,-2.164653e+00,-1.492119e-02,-2.070795e-01,-9.735858e+00,-1.772985e-02,1.856261e-02,7.279247e-04,1.370963e+01,1.014100e+02,1.774225e+02,-3.784530e-01,1.325573e+00,-9.989665e-01,-4.480611e-02,7.637089e-03,4.496981e-02,-9.987279e-01,2.281320e-02,6.605203e-03,2.313306e-02,9.997106e-01,-4.093246e-02,8.335313e-02,-4.923383e-01,-4.786778e-02,-1.406321e-02,-9.737323e+00,
-3.947839e-01,-3.646321e-01,-2.164653e+00,-1.534284e-02,-1.811152e-01,-9.696600e+00,-1.738357e-02,1.803058e-02,5.978731e-04,1.370937e+01,1.013870e+02,1.774066e+02,-3.717787e-01,1.291844e+00,-9.989548e-01,-4.508961e-02,7.500525e-03,4.524629e-02,-9.987286e-01,2.222842e-02,6.488717e-03,2.254456e-02,9.997249e-01,-4.083867e-02,8.365152e-02,-4.922955e-01,-5.050192e-02,-3.545476e-02,-9.698432e+00,
-3.948298e-01,-3.657729e-01,-2.168262e+00,-2.910411e-02,-2.700428e-01,-9.831843e+00,-1.749996e-02,1.810377e-02,7.832720e-04,1.370635e+01,1.013980e+02,1.773992e+02,-3.702933e-01,1.263949e+00,-9.989492e-01,-4.522263e-02,7.455484e-03,4.537513e-02,-9.987334e-01,2.174238e-02,6.462793e-03,2.205782e-02,9.997358e-01,-4.039118e-02,8.364712e-02,-4.925172e-01,-3.167385e-02,5.246437e-02,-9.830116e+00,
-3.948329e-01,-3.668779e-01,-2.167042e+00,-4.725890e-02,-2.356956e-01,-9.749747e+00,-1.792182e-02,1.860411e-02,9.138801e-04,1.370610e+01,1.013980e+02,1.773920e+02,-3.663562e-01,1.232683e+00,-9.989439e-01,-4.535456e-02,7.364860e-03,4.550157e-02,-9.987393e-01,2.119956e-02,6.394078e-03,2.151228e-02,9.997481e-01,-4.072029e-02,8.460824e-02,-4.927051e-01,-1.495567e-02,2.766089e-02,-9.756852e+00,
-3.969742e-01,-3.712982e-01,-2.163455e+00,4.731483e-03,-1.760892e-01,-9.681805e+00,-1.811258e-02,1.846368e-02,5.227953e-04,1.370622e+01,1.013980e+02,1.773827e+02,-3.570340e-01,1.195116e+00,-9.989374e-01,-4.552555e-02,7.175975e-03,4.566443e-02,-9.987455e-01,2.055094e-02,6.231379e-03,2.085679e-02,9.997631e-01,-4.063778e-02,8.449010e-02,-4.924111e-01,-6.518595e-02,-2.116275e-02,-9.684887e+00,
-3.958813e-01,-3.668647e-01,-2.165878e+00,-2.809493e-02,-1.980924e-01,-9.708722e+00,-1.775511e-02,1.873161e-02,9.229970e-04,1.370541e+01,1.013980e+02,1.773813e+02,-3.507351e-01,1.162898e+00,-9.989370e-01,-4.555509e-02,7.041044e-03,4.568775e-02,-9.987557e-01,1.999419e-02,6.121445e-03,2.029463e-02,9.997753e-01,-4.033016e-02,8.520181e-02,-4.923834e-01,-3.260183e-02,2.327561e-04,-9.709980e+00,
-3.979645e-01,-3.657242e-01,-2.163562e+00,-2.537932e-02,-2.430133e-01,-9.773063e+00,-1.801676e-02,1.852791e-02,2.264467e-04,1.370600e+01,1.013980e+02,1.773793e+02,-3.462912e-01,1.132467e+00,-9.989358e-01,-4.559617e-02,6.940082e-03,4.572359e-02,-9.987644e-01,1.946701e-02,6.043885e-03,1.976362e-02,9.997864e-01,-4.050183e-02,8.524695e-02,-4.925735e-01,-2.997842e-02,5.201070e-02,-9.774184e+00,
-3.958767e-01,-3.690656e-01,-2.162230e+00,-2.848884e-02,-2.061725e-01,-9.695571e+00,-1.889881e-02,1.871727e-02,2.175678e-04,1.370593e+01,1.013980e+02,1.773805e+02,-3.392747e-01,1.095710e+00,-9.989377e-01,-4.558062e-02,6.788099e-03,4.570129e-02,-9.987777e-01,1.883203e-02,5.921426e-03,1.912224e-02,9.997997e-01,-4.017942e-02,8.623075e-02,-4.915694e-01,-2.814554e-02,2.250601e-02,-9.703074e+00,
-3.979339e-01,-3.623914e-01,-2.164808e+00,2.216895e-02,-1.549500e-01,-9.653190e+00,-1.807503e-02,1.834418e-02,5.986077e-04,1.370683e+01,1.013870e+02,1.773855e+02,-3.290078e-01,1.058034e+00,-9.989427e-01,-4.550229e-02,6.577587e-03,4.561523e-02,-9.987937e-01,1.818402e-02,5.742237e-03,1.846483e-02,9.998131e-01,-4.008188e-02,8.653816e-02,-4.922501e-01,-7.697341e-02,-1.832604e-02,-9.653821e+00,
-3.958522e-01,-3.679428e-01,-2.161036e+00,-2.552241e-02,-1.957348e-01,-9.662469e+00,-1.787219e-02,1.815301e-02,5.967481e-05,1.370624e+01,1.013940e+02,1.773915e+02,-3.261265e-01,1.026095e+00,-9.989478e-01,-4.540176e-02,6.500140e-03,4.551014e-02,-9.988084e-01,1.763022e-02,5.691950e-03,1.790749e-02,9.998236e-01,-4.006907e-02,8.659373e-02,-4.912325e-01,-3.076724e-02,2.073917e-02,-9.659775e+00,
-3.958707e-01,-3.668557e-01,-2.164670e+00,-1.173219e-02,-2.253962e-01,-9.718898e+00,-1.851401e-02,1.817330e-02,1.775698e-04,1.370580e+01,1.013940e+02,1.773995e+02,-3.229233e-01,9.933124e-01,-9.989544e-01,-4.526656e-02,6.415932e-03,4.537027e-02,-9.988245e-01,1.706218e-02,5.636045e-03,1.733543e-02,9.998338e-01,-4.042390e-02,8.754783e-02,-4.923846e-01,-3.952415e-02,5.879308e-02,-9.722848e+00,
-3.937798e-01,-3.690921e-01,-2.164559e+00,-3.028362e-02,-1.733750e-01,-9.607277e+00,-1.862978e-02,1.896236e-02,6.098526e-05,1.370463e+01,1.014060e+02,1.774108e+02,-3.154804e-01,9.571627e-01,-9.989640e-01,-4.507723e-02,6.254404e-03,4.517474e-02,-9.988439e-01,1.643910e-02,5.506144e-03,1.670461e-02,9.998453e-01,-4.038999e-02,8.740477e-02,-4.918483e-01,-2.251301e-02,1.606229e-02,-9.610769e+00,
-3.959135e-01,-3.668915e-01,-2.169500e+00,1.396037e-02,-1.358609e-01,-9.602004e+00,-1.817559e-02,1.858673e-02,-1.985730e-04,1.370449e+01,1.013820e+02,1.774218e+02,-3.084925e-01,9.211984e-01,-9.989735e-01,-4.488959e-02,6.101225e-03,4.498122e-02,-9.988627e-01,1.581882e-02,5.384185e-03,1.607702e-02,9.998564e-01,-3.966989e-02,8.812050e-02,-4.915887e-01,-6.416015e-02,-1.407054e-02,-9.605276e+00,
-3.970308e-01,-3.724479e-01,-2.168272e+00,-4.206616e-02,-1.739001e-01,-9.606664e+00,-1.795107e-02,1.822932e-02,4.494550e-06,1.370437e+01,1.013940e+02,1.774382e+02,-3.078739e-01,8.894372e-01,-9.989862e-01,-4.460818e-02,6.061200e-03,4.469624e-02,-9.988840e-01,1.526733e-02,5.373387e-03,1.552276e-02,9.998651e-01,-3.966147e-02,8.859691e-02,-4.925133e-01,-1.092037e-02,2.331915e-02,-9.605254e+00,
-3.970201e-01,-3.724390e-01,-2.167064e+00,-1.717720e-02,-1.917282e-01,-9.644958e+00,-1.794850e-02,1.867989e-02,-9.220502e-05,1.370433e+01,1.013980e+02,1.774561e+02,-3.023571e-01,8.588653e-01,-9.990007e-01,-4.430087e-02,5.936617e-03,4.438426e-02,-9.989059e-01,1.474050e-02,5.277103e-03,1.498926e-02,9.998739e-01,-3.969258e-02,8.772486e-02,-4.927100e-01,-3.092389e-02,4.953887e-02,-9.647758e+00,
-3.981145e-01,-3.735665e-01,-2.169509e+00,-2.887830e-02,-1.410629e-01,-9.538649e+00,-1.777028e-02,1.870502e-02,-1.564235e-04,1.370376e+01,1.013980e+02,1.774775e+02,-2.972494e-01,8.274369e-01,-9.990176e-01,-4.393269e-02,5.817968e-03,4.401153e-02,-9.989302e-01,1.419869e-02,5.187958e-03,1.444080e-02,9.998823e-01,-3.938086e-02,8.930986e-02,-4.926804e-01,-2.008691e-02,5.079359e-03,-9.541744e+00,
-3.958783e-01,-3.657596e-01,-2.167098e+00,1.391094e-02,-1.236939e-01,-9.555330e+00,-1.758217e-02,1.810414e-02,-3.842134e-05,1.370518e+01,1.014060e+02,1.775016e+02,-2.938369e-01,7.953491e-01,-9.990363e-01,-4.351646e-02,5.728129e-03,4.359121e-02,-9.989563e-01,1.364429e-02,5.128399e-03,1.388083e-02,9.998905e-01,-3.962963e-02,8.891182e-02,-4.918942e-01,-6.393951e-02,-7.252857e-03,-9.554147e+00,
-3.948895e-01,-3.680277e-01,-2.171859e+00,-4.371751e-02,-1.671748e-01,-9.560296e+00,-1.717288e-02,1.844002e-02,-2.791030e-05,1.370515e+01,1.014060e+02,1.775277e+02,-2.921346e-01,7.690039e-01,-9.990563e-01,-4.306319e-02,5.672417e-03,4.313488e-02,-9.989823e-01,1.318884e-02,5.098690e-03,1.342107e-02,9.998969e-01,-3.985581e-02,8.912481e-02,-4.925739e-01,-3.474314e-03,3.743388e-02,-9.561637e+00,
-3.959058e-01,-3.679875e-01,-2.167072e+00,-1.261517e-02,-1.609951e-01,-9.574805e+00,-1.686676e-02,1.865314e-02,-2.407494e-05,1.370451e+01,1.014060e+02,1.775551e+02,-2.874840e-01,7.434217e-01,-9.990773e-01,-4.258905e-02,5.566007e-03,4.265715e-02,-9.990085e-01,1.274897e-02,5.017521e-03,1.297463e-02,9.999034e-01,-3.961245e-02,8.976255e-02,-4.923062e-01,-3.395777e-02,3.988274e-02,-9.580197e+00,
-3.959823e-01,-3.724612e-01,-2.169436e+00,-3.441256e-02,-1.105771e-01,-9.445144e+00,-1.673360e-02,1.821111e-02,-3.049871e-04,1.370434e+01,1.013940e+02,1.775861e+02,-2.861964e-01,7.175730e-01,-9.991003e-01,-4.205196e-02,5.517695e-03,4.211724e-02,-9.990370e-01,1.230221e-02,4.995049e-03,1.252353e-02,9.999092e-01,-3.964122e-02,8.996393e-02,-4.920246e-01,-1.244535e-02,-6.482750e-03,-9.446285e+00,
-3.949400e-01,-3.746844e-01,-2.168160e+00,-1.574313e-02,-1.132671e-01,-9.485472e+00,-1.613554e-02,1.859592e-02,-1.343856e-04,1.370370e+01,1.013980e+02,1.776231e+02,-2.826807e-01,6.946809e-01,-9.991275e-01,-4.140966e-02,5.431902e-03,4.147197e-02,-9.990687e-01,1.190914e-02,4.933689e-03,1.212403e-02,9.999143e-01,-4.006123e-02,9.059935e-02,-4.922156e-01,-3.233871e-02,-6.344393e-04,-9.482330e+00,
-3.960420e-01,-3.747159e-01,-2.173033e+00,-5.867010e-02,-1.511441e-01,-9.481966e+00,-1.572812e-02,1.829826e-02,-9.320492e-05,1.370510e+01,1.013980e+02,1.776611e+02,-2.829213e-01,6.764066e-01,-9.991547e-01,-4.074934e-02,5.415209e-03,4.080993e-02,-9.990997e-01,1.159391e-02,4.937889e-03,1.180510e-02,9.999181e-01,-3.971423e-02,9.026195e-02,-4.924491e-01,1.380961e-02,3.848071e-02,-9.483553e+00,
-3.960129e-01,-3.757940e-01,-2.168190e+00,-2.628617e-02,-1.312555e-01,-9.463458e+00,-1.566715e-02,1.846884e-02,-2.856095e-04,1.370576e+01,1.014060e+02,1.777020e+02,-2.800342e-01,6.576059e-01,-9.991840e-01,-4.003732e-02,5.343435e-03,4.009553e-02,-9.991324e-01,1.127195e-02,4.887500e-03,1.147700e-02,9.999223e-01,-3.992576e-02,9.107574e-02,-4.921698e-01,-1.857616e-02,2.366650e-02,-9.466787e+00,
-3.948773e-01,-3.713247e-01,-2.165784e+00,-4.333431e-02,-8.099538e-02,-9.381168e+00,-1.496911e-02,1.843236e-02,2.702746e-06,1.370393e+01,1.014060e+02,1.777463e+02,-2.780250e-01,6.406450e-01,-9.992148e-01,-3.926712e-02,5.288060e-03,3.932333e-02,-9.991663e-01,1.098168e-02,4.852432e-03,1.118100e-02,9.999258e-01,-4.041975e-02,9.075912e-02,-4.926111e-01,-2.741810e-03,-2.317824e-02,-9.380555e+00,
-3.960588e-01,-3.769348e-01,-2.171799e+00,-2.564147e-02,-1.236128e-01,-9.438970e+00,-1.439412e-02,1.855502e-02,-1.342104e-04,1.370318e+01,1.013980e+02,1.777898e+02,-2.751821e-01,6.290250e-01,-9.992446e-01,-3.851013e-02,5.222335e-03,3.856470e-02,-9.991980e-01,1.078496e-02,4.802816e-03,1.097821e-02,9.999283e-01,-3.999963e-02,9.147929e-02,-4.928570e-01,-1.986228e-02,1.937596e-02,-9.440427e+00,
-3.949476e-01,-3.735884e-01,-2.170588e+00,-5.885492e-02,-1.402122e-01,-9.441283e+00,-1.398739e-02,1.834823e-02,-7.704424e-05,1.370357e+01,1.013940e+02,1.778387e+02,-2.750722e-01,6.208620e-01,-9.992772e-01,-3.765881e-02,5.205853e-03,3.771257e-02,-9.992320e-01,1.064712e-02,4.800897e-03,1.083575e-02,9.999298e-01,-4.017682e-02,8.950333e-02,-4.923600e-01,1.570689e-02,3.879256e-02,-9.443407e+00,
-3.970017e-01,-3.735260e-01,-2.163430e+00,-4.206276e-02,-1.018407e-01,-9.392619e+00,-1.385285e-02,1.896044e-02,-2.404175e-04,1.370241e+01,1.013940e+02,1.778868e+02,-2.702002e-01,6.120381e-01,-9.993089e-01,-3.682116e-02,5.106268e-03,3.687319e-02,-9.992649e-01,1.050073e-02,4.715865e-03,1.068176e-02,9.999319e-01,-3.993326e-02,9.088168e-02,-4.911449e-01,-3.489394e-03,1.896389e-03,-9.396710e+00,
-3.980349e-01,-3.679879e-01,-2.168366e+00,-4.865837e-02,-8.284777e-02,-9.322268e+00,-1.316720e-02,1.839503e-02,-7.048029e-05,1.370039e+01,1.013980e+02,1.779393e+02,-2.689753e-01,6.061442e-01,-9.993423e-01,-3.590693e-02,5.071595e-03,3.595817e-02,-9.992992e-01,1.040338e-02,4.694487e-03,1.057890e-02,9.999330e-01,-4.040306e-02,9.135594e-02,-4.923308e-01,4.797831e-03,-1.697373e-02,-9.322074e+00,
-3.959686e-01,-3.713472e-01,-2.169449e+00,-6.842717e-02,-1.228647e-01,-9.373572e+00,-1.276309e-02,1.828950e-02,-1.203430e-04,1.370009e+01,1.013940e+02,1.779940e+02,-2.688884e-01,6.040548e-01,-9.993762e-01,-3.495248e-02,5.058864e-03,3.500348e-02,-9.993334e-01,1.037183e-02,4.692971e-03,1.054243e-02,9.999334e-01,-4.031858e-02,9.043171e-02,-4.923380e-01,2.448085e-02,2.188338e-02,-9.369174e+00,
-3.949262e-01,-3.735705e-01,-2.168173e+00,-8.809262e-02,-1.321195e-01,-9.373870e+00,-1.230940e-02,1.856318e-02,-2.273119e-04,1.370170e+01,1.013940e+02,1.780510e+02,-2.688321e-01,6.052876e-01,-9.994105e-01,-3.395858e-02,5.048296e-03,3.400964e-02,-9.993674e-01,1.039839e-02,4.691988e-03,1.056395e-02,9.999332e-01,-4.059001e-02,9.106052e-02,-4.923298e-01,4.521984e-02,3.368848e-02,-9.381370e+00,
-3.959640e-01,-3.735483e-01,-2.165801e+00,-6.467757e-02,-8.009540e-02,-9.315901e+00,-1.185533e-02,1.884654e-02,9.438788e-05,1.370159e+01,1.013870e+02,1.781034e+02,-2.662634e-01,6.067206e-01,-9.994415e-01,-3.304499e-02,4.994806e-03,3.309567e-02,-9.993979e-01,1.042948e-02,4.647157e-03,1.058896e-02,9.999332e-01,-4.045201e-02,9.078095e-02,-4.916155e-01,2.146980e-02,-1.902468e-02,-9.316721e+00,
-3.970446e-01,-3.735618e-01,-2.168259e+00,-6.734147e-02,-7.824399e-02,-9.285510e+00,-1.116462e-02,1.873401e-02,4.429468e-05,1.370196e+01,1.013940e+02,1.781584e+02,-2.641307e-01,6.119465e-01,-9.994730e-01,-3.208534e-02,4.950516e-03,3.213605e-02,-9.994282e-01,1.052663e-02,4.609935e-03,1.068017e-02,9.999324e-01,-4.030854e-02,9.068801e-02,-4.918776e-01,2.341965e-02,-2.235398e-02,-9.286696e+00,
-3.970599e-01,-3.713698e-01,-2.173114e+00,-4.715031e-02,-1.440237e-01,-9.413525e+00,-1.077519e-02,1.819766e-02,4.134642e-04,1.370139e+01,1.013940e+02,1.782142e+02,-2.642421e-01,6.229926e-01,-9.995037e-01,-3.111035e-02,4.948197e-03,3.116198e-02,-9.994569e-01,1.072407e-02,4.611880e-03,1.087294e-02,9.999303e-01,-4.041535e-02,9.010191e-02,-4.931090e-01,4.913531e-03,4.310684e-02,-9.413858e+00,
-3.959808e-01,-3.757672e-01,-2.164568e+00,-7.769107e-02,-1.041731e-01,-9.339578e+00,-1.035831e-02,1.869397e-02,4.956971e-04,1.370146e+01,1.013940e+02,1.782613e+02,-2.625912e-01,6.337877e-01,-9.995292e-01,-3.028849e-02,4.916291e-03,3.034070e-02,-9.994801e-01,1.091732e-02,4.583066e-03,1.106134e-02,9.999284e-01,-4.032771e-02,8.862958e-02,-4.919230e-01,3.725771e-02,-1.425326e-03,-9.333662e+00,
-3.970522e-01,-3.724658e-01,-2.170686e+00,-4.134513e-02,-6.980490e-02,-9.278711e+00,-9.964685e-03,1.827405e-02,1.945989e-04,1.370186e+01,1.013820e+02,1.783022e+02,-2.610969e-01,6.460214e-01,-9.995508e-01,-2.957366e-02,4.888737e-03,2.962659e-02,-9.994991e-01,1.113501e-02,4.556985e-03,1.127485e-02,9.999262e-01,-4.055659e-02,8.939793e-02,-4.919331e-01,-4.566755e-03,-3.437104e-02,-9.286632e+00,
-3.970247e-01,-3.702379e-01,-2.170712e+00,-8.091167e-02,-1.111804e-01,-9.306170e+00,-8.907815e-03,1.816747e-02,1.454368e-04,1.370209e+01,1.013820e+02,1.783389e+02,-2.633179e-01,6.653672e-01,-9.995693e-01,-2.893210e-02,4.930126e-03,2.898709e-02,-9.995140e-01,1.147450e-02,4.595748e-03,1.161247e-02,9.999220e-01,-4.085062e-02,8.921354e-02,-4.919515e-01,3.919923e-02,4.284084e-05,-9.302746e+00,
-3.970354e-01,-3.702469e-01,-2.171919e+00,-8.434743e-02,-1.491756e-01,-9.389018e+00,-9.106332e-03,1.817192e-02,3.745264e-05,1.370187e+01,1.013940e+02,1.783708e+02,-2.663946e-01,6.860874e-01,-9.995850e-01,-2.837373e-02,4.987678e-03,2.843111e-02,-9.995257e-01,1.183718e-02,4.649446e-03,1.197407e-02,9.999175e-01,-4.110615e-02,8.991376e-02,-4.924573e-01,4.050029e-02,3.466338e-02,-9.391656e+00,
-3.980732e-01,-3.702247e-01,-2.169548e+00,-1.113056e-01,-1.137563e-01,-9.296668e+00,-9.053422e-03,1.849558e-02,1.778755e-04,1.369977e+01,1.013940e+02,1.783976e+02,-2.711352e-01,7.068017e-01,-9.995978e-01,-2.790199e-02,5.074910e-03,2.796216e-02,-9.995347e-01,1.219857e-02,4.732184e-03,1.233557e-02,9.999128e-01,-4.058279e-02,8.902527e-02,-4.925142e-01,6.810924e-02,5.455837e-04,-9.300477e+00,
-3.959472e-01,-3.713293e-01,-2.167034e+00,-7.659699e-02,-8.003318e-02,-9.292591e+00,-8.035763e-03,1.797652e-02,5.471825e-04,1.369821e+01,1.013940e+02,1.784233e+02,-2.749471e-01,7.280416e-01,-9.996099e-01,-2.745253e-02,5.146134e-03,2.751539e-02,-9.995424e-01,1.256954e-02,4.798714e-03,1.270624e-02,9.999078e-01,-4.088417e-02,8.861104e-02,-4.920483e-01,2.858048e-02,-4.095108e-02,-9.293751e+00,
-3.969956e-01,-3.713161e-01,-2.165870e+00,-1.408894e-01,-1.334914e-01,-9.316024e+00,-7.644102e-03,1.846487e-02,3.260729e-04,1.369747e+01,1.013940e+02,1.784391e+02,-2.852918e-01,7.590522e-01,-9.996166e-01,-2.717062e-02,5.337827e-03,2.723861e-02,-9.995431e-01,1.310704e-02,4.979261e-03,1.324741e-02,9.998999e-01,-4.098818e-02,8.878493e-02,-4.918458e-01,9.589714e-02,7.777676e-03,-9.313747e+00,
-3.959716e-01,-3.724522e-01,-2.168229e+00,-1.027471e-01,-1.605610e-01,-9.374927e+00,-7.365213e-03,1.851526e-02,2.849651e-04,1.369586e+01,1.014060e+02,1.784558e+02,-2.876796e-01,7.896111e-01,-9.996243e-01,-2.687597e-02,5.389997e-03,2.694735e-02,-9.995438e-01,1.364058e-02,5.020935e-03,1.378071e-02,9.998925e-01,-4.066721e-02,8.715151e-02,-4.923925e-01,5.490164e-02,3.009103e-02,-9.377829e+00,
-3.949293e-01,-3.746754e-01,-2.166953e+00,-1.270807e-01,-1.060252e-01,-9.288298e+00,-7.097822e-03,1.823353e-02,7.873152e-04,1.369580e+01,1.014170e+02,1.784650e+02,-2.921022e-01,8.193656e-01,-9.996283e-01,-2.671088e-02,5.478823e-03,2.678615e-02,-9.995410e-01,1.415846e-02,5.098123e-03,1.429996e-02,9.998849e-01,-4.149965e-02,8.893338e-02,-4.921579e-01,8.074412e-02,-2.926145e-02,-9.289347e+00,
-3.959624e-01,-3.691373e-01,-2.171889e+00,-9.365143e-02,-9.935683e-02,-9.307685e+00,-6.411684e-03,1.831492e-02,7.310372e-04,1.369457e+01,1.014060e+02,1.784718e+02,-2.938226e-01,8.522288e-01,-9.996312e-01,-2.659021e-02,5.522429e-03,2.666906e-02,-9.995359e-01,1.473161e-02,5.128149e-03,1.487346e-02,9.998763e-01,-4.117686e-02,8.684242e-02,-4.922201e-01,4.388624e-02,-4.072826e-02,-9.309185e+00,
-3.980058e-01,-3.690660e-01,-2.163524e+00,-1.345737e-01,-1.639779e-01,-9.376468e+00,-5.739279e-03,1.854817e-02,4.678410e-04,1.369338e+01,1.013940e+02,1.784780e+02,-3.000872e-01,8.920248e-01,-9.996336e-01,-2.647589e-02,5.648504e-03,2.656026e-02,-9.995283e-01,1.542356e-02,5.237487e-03,1.556793e-02,9.998652e-01,-4.101303e-02,8.716836e-02,-4.915590e-01,8.515859e-02,1.410283e-02,-9.375975e+00,
-3.938013e-01,-3.691100e-01,-2.166973e+00,-1.211067e-01,-1.601434e-01,-9.385097e+00,-5.906023e-03,1.878691e-02,7.558424e-04,1.369361e+01,1.013820e+02,1.784786e+02,-3.033867e-01,9.309300e-01,-9.996335e-01,-2.646049e-02,5.723868e-03,2.654962e-02,-9.995179e-01,1.610079e-02,5.295073e-03,1.624685e-02,9.998540e-01,-4.131408e-02,8.549189e-02,-4.923268e-01,7.069157e-02,6.775856e-03,-9.386304e+00,
-3.937798e-01,-3.690921e-01,-2.164559e+00,-1.159576e-01,-1.178691e-01,-9.312415e+00,-5.730430e-03,1.822126e-02,8.580411e-04,1.369324e+01,1.013940e+02,1.784768e+02,-3.086391e-01,9.674431e-01,-9.996322e-01,-2.648715e-02,5.832887e-03,2.658147e-02,-9.995067e-01,1.673513e-02,5.386743e-03,1.688402e-02,9.998431e-01,-4.195287e-02,8.654838e-02,-4.918689e-01,6.551983e-02,-4.052388e-02,-9.313953e+00,
-3.969267e-01,-3.657464e-01,-2.165934e+00,-1.110456e-01,-1.596311e-01,-9.416185e+00,-5.469108e-03,1.817156e-02,7.785200e-04,1.369328e+01,1.013940e+02,1.784728e+02,-3.140501e-01,1.008143e+00,-9.996299e-01,-2.655034e-02,5.947295e-03,2.665046e-02,-9.994926e-01,1.744220e-02,5.481181e-03,1.759424e-02,9.998302e-01,-4.135198e-02,8.639438e-02,-4.931700e-01,5.942874e-02,-1.072299e-02,-9.411644e+00,
-3.958629e-01,-3.679517e-01,-2.162243e+00,-1.394474e-01,-1.902816e-01,-9.427245e+00,-5.063291e-03,1.798691e-02,8.314181e-04,1.369443e+01,1.013940e+02,1.784655e+02,-3.156062e-01,1.048549e+00,-9.996263e-01,-2.667255e-02,5.995465e-03,2.677739e-02,-9.994768e-01,1.814556e-02,5.508339e-03,1.829933e-02,9.998174e-01,-4.159962e-02,8.562982e-02,-4.915164e-01,8.772731e-02,1.770554e-02,-9.437368e+00,
-3.947487e-01,-3.635003e-01,-2.162251e+00,-1.144062e-01,-1.802631e-01,-9.439536e+00,-5.546445e-03,1.902035e-02,9.241742e-04,1.369539e+01,1.013940e+02,1.784589e+02,-3.120615e-01,1.087211e+00,-9.996234e-01,-2.678603e-02,5.953821e-03,2.689378e-02,-9.994611e-01,1.882096e-02,5.446474e-03,1.897400e-02,9.998050e-01,-4.178782e-02,8.507654e-02,-4.922928e-01,6.533761e-02,-3.074557e-04,-9.442155e+00,
-3.947839e-01,-3.646321e-01,-2.164653e+00,-1.464628e-01,-1.506114e-01,-9.378553e+00,-5.436662e-03,1.872890e-02,7.918428e-04,1.369532e+01,1.013820e+02,1.784474e+02,-3.113374e-01,1.126440e+00,-9.996181e-01,-2.698304e-02,5.963449e-03,2.709466e-02,-9.994426e-01,1.950440e-02,5.433836e-03,1.965853e-02,9.997920e-01,-4.179235e-02,8.430298e-02,-4.921043e-01,9.348703e-02,-3.562109e-02,-9.379987e+00,
-3.989793e-01,-3.612731e-01,-2.164864e+00,-1.427051e-01,-2.028756e-01,-9.477033e+00,-4.676920e-03,1.844887e-02,8.389197e-04,1.369481e+01,1.013780e+02,1.784362e+02,-3.141254e-01,1.171002e+00,-9.996126e-01,-2.717263e-02,6.037025e-03,2.728992e-02,-9.994219e-01,2.027922e-02,5.482495e-03,2.043611e-02,9.997762e-01,-4.140346e-02,8.347081e-02,-4.919395e-01,9.103850e-02,4.958287e-03,-9.472962e+00,
-3.969619e-01,-3.668782e-01,-2.168336e+00,-1.495976e-01,-2.143239e-01,-9.487361e+00,-5.449194e-03,1.862416e-02,1.064065e-03,1.369409e+01,1.013940e+02,1.784219e+02,-3.161370e-01,1.211678e+00,-9.996055e-01,-2.741656e-02,6.096631e-03,2.753893e-02,-9.994005e-01,2.098626e-02,5.517604e-03,2.114587e-02,9.997613e-01,-4.137129e-02,8.401423e-02,-4.929761e-01,9.771222e-02,1.198773e-02,-9.499416e+00,
-3.958110e-01,-3.646010e-01,-2.161074e+00,-1.331832e-01,-2.028387e-01,-9.484462e+00,-5.605187e-03,1.874801e-02,1.052326e-03,1.369383e+01,1.013980e+02,1.784043e+02,-3.154703e-01,1.250734e+00,-9.995972e-01,-2.772005e-02,6.110353e-03,2.784640e-02,-9.993775e-01,2.166594e-02,5.505967e-03,2.182736e-02,9.997467e-01,-4.180272e-02,8.303672e-02,-4.927636e-01,8.166560e-02,-5.630016e-03,-9.483553e+00,
-3.947885e-01,-3.624311e-01,-2.168301e+00,-1.339837e-01,-1.896586e-01,-9.487763e+00,-5.244715e-03,1.885021e-02,1.063851e-03,1.369392e+01,1.013940e+02,1.783855e+02,-3.139884e-01,1.290818e+00,-9.995880e-01,-2.804432e-02,6.111237e-03,2.817445e-02,-9.993528e-01,2.236382e-02,5.480104e-03,2.252679e-02,9.997312e-01,-4.156497e-02,8.272404e-02,-4.911322e-01,7.925753e-02,-2.876966e-02,-9.490616e+00,
-3.947839e-01,-3.646321e-01,-2.164653e+00,-1.606638e-01,-2.440520e-01,-9.550049e+00,-5.571316e-03,1.895095e-02,1.336447e-03,1.369353e+01,1.014060e+02,1.783668e+02,-3.131132e-01,1.329898e+00,-9.995789e-01,-2.836616e-02,6.122610e-03,2.850020e-02,-9.993282e-01,2.304387e-02,5.464830e-03,2.320866e-02,9.997157e-01,-4.174046e-02,8.261404e-02,-4.923951e-01,1.097741e-01,1.906256e-02,-9.551137e+00,
-3.958783e-01,-3.657596e-01,-2.167098e+00,-1.641293e-01,-2.558712e-01,-9.601265e+00,-5.945073e-03,1.937164e-02,8.344847e-04,1.369361e+01,1.013940e+02,1.783443e+02,-3.090926e-01,1.367480e+00,-9.995680e-01,-2.875698e-02,6.080416e-03,2.889348e-02,-9.993016e-01,2.369898e-02,5.394658e-03,2.386442e-02,9.997007e-01,-4.215625e-02,8.120985e-02,-4.919323e-01,1.115550e-01,2.526951e-02,-9.602436e+00,
-3.936895e-01,-3.635046e-01,-2.162208e+00,-1.527210e-01,-1.954466e-01,-9.489996e+00,-5.806931e-03,1.895255e-02,1.285424e-03,1.369407e+01,1.013940e+02,1.783215e+02,-3.076405e-01,1.405236e+00,-9.995566e-01,-2.915104e-02,6.083727e-03,2.929105e-02,-9.992742e-01,2.435580e-02,5.369314e-03,2.452320e-02,9.996849e-01,-4.187121e-02,8.178998e-02,-4.920076e-01,1.014101e-01,-4.043753e-02,-9.494183e+00,
-3.989610e-01,-3.623602e-01,-2.161229e+00,-1.450948e-01,-2.165225e-01,-9.579405e+00,-5.754122e-03,1.858904e-02,1.151617e-03,1.369464e+01,1.014060e+02,1.782965e+02,-3.091508e-01,1.442279e+00,-9.995437e-01,-2.958247e-02,6.139821e-03,2.972721e-02,-9.992455e-01,2.499839e-02,5.395674e-03,2.516949e-02,9.996688e-01,-4.123935e-02,8.102502e-02,-4.918389e-01,9.240255e-02,-2.848664e-02,-9.578679e+00,
-3.947518e-01,-3.646053e-01,-2.161031e+00,-1.696334e-01,-2.784754e-01,-9.617321e+00,-6.593662e-03,1.899146e-02,1.318121e-03,1.369262e+01,1.014060e+02,1.782690e+02,-3.117666e-01,1.477653e+00,-9.995289e-01,-3.005652e-02,6.215979e-03,3.020637e-02,-9.992155e-01,2.561098e-02,5.441327e-03,2.578667e-02,9.996527e-01,-4.162942e-02,8.142821e-02,-4.918762e-01,1.184644e-01,2.572872e-02,-9.624451e+00,
-3.968610e-01,-3.612817e-01,-2.164778e+00,-1.466512e-01,-2.611558e-01,-9.641482e+00,-6.783772e-03,1.921387e-02,1.439274e-03,1.369175e+01,1.013940e+02,1.782392e+02,-3.120968e-01,1.510613e+00,-9.995130e-01,-3.057181e-02,6.252629e-03,3.072556e-02,-9.991848e-01,2.618236e-02,5.447090e-03,2.636172e-02,9.996377e-01,-4.120221e-02,8.048031e-02,-4.919314e-01,9.403476e-02,4.856288e-03,-9.644113e+00,
-3.947058e-01,-3.634644e-01,-2.157422e+00,-1.434554e-01,-2.270124e-01,-9.602725e+00,-7.129037e-03,1.916061e-02,1.363670e-03,1.369309e+01,1.013940e+02,1.782061e+02,-3.136403e-01,1.540858e+00,-9.994950e-01,-3.114556e-02,6.311126e-03,3.130353e-02,-9.991531e-01,2.670533e-02,5.474029e-03,2.688940e-02,9.996235e-01,-4.158537e-02,8.072221e-02,-4.912311e-01,9.073798e-02,-3.524768e-02,-9.608098e+00,
-3.967814e-01,-3.557031e-01,-2.163634e+00,-1.251222e-01,-2.554336e-01,-9.680703e+00,-7.377325e-03,1.909635e-02,1.531080e-03,1.369293e+01,1.013940e+02,1.781732e+02,-3.128294e-01,1.569420e+00,-9.994768e-01,-3.171714e-02,6.328148e-03,3.187808e-02,-9.991215e-01,2.720021e-02,5.459876e-03,2.738771e-02,9.996099e-01,-4.132656e-02,8.048823e-02,-4.915237e-01,7.209124e-02,-1.304576e-02,-9.683599e+00,
-3.968288e-01,-3.612549e-01,-2.161155e+00,-1.728516e-01,-3.019438e-01,-9.716079e+00,-7.762776e-03,1.967313e-02,1.581984e-03,1.369101e+01,1.013940e+02,1.781377e+02,-3.078169e-01,1.597205e+00,-9.994575e-01,-3.233472e-02,6.273255e-03,3.249654e-02,-9.990884e-01,2.768364e-02,5.372393e-03,2.787248e-02,9.995971e-01,-4.104764e-02,7.980851e-02,-4.920538e-01,1.214882e-01,2.699047e-02,-9.720392e+00,
-3.946661e-01,-3.568167e-01,-2.162328e+00,-1.315709e-01,-2.637884e-01,-9.696834e+00,-8.572089e-03,1.936560e-02,1.526199e-03,1.369071e+01,1.013940e+02,1.780998e+02,-3.029174e-01,1.617891e+00,-9.994363e-01,-3.299540e-02,6.218038e-03,3.315733e-02,-9.990567e-01,2.804303e-02,5.286882e-03,2.823339e-02,9.995875e-01,-4.101042e-02,7.854285e-02,-4.918242e-01,8.025567e-02,-1.066819e-02,-9.704422e+00,
-3.967691e-01,-3.590001e-01,-2.157559e+00,-1.404530e-01,-2.479294e-01,-9.670078e+00,-8.732014e-03,1.970443e-02,8.304001e-04,1.368887e+01,1.013940e+02,1.780604e+02,-2.975133e-01,1.638703e+00,-9.994137e-01,-3.368399e-02,6.155362e-03,3.384578e-02,-9.990234e-01,2.840480e-02,5.192563e-03,2.859648e-02,9.995776e-01,-4.088660e-02,7.907250e-02,-4.913824e-01,8.894160e-02,-3.340961e-02,-9.667284e+00,
-3.979247e-01,-3.590764e-01,-2.168468e+00,-1.389446e-01,-2.811272e-01,-9.751529e+00,-8.913469e-03,1.962017e-02,1.439661e-03,1.368826e+01,1.013940e+02,1.780141e+02,-2.936621e-01,1.658762e+00,-9.993863e-01,-3.449017e-02,6.123216e-03,3.465251e-02,-9.989857e-01,2.875190e-02,5.125348e-03,2.894644e-02,9.995679e-01,-4.060264e-02,7.846583e-02,-4.918998e-01,8.849859e-02,-3.231496e-03,-9.756978e+00,
-3.968074e-01,-3.612369e-01,-2.158741e+00,-1.599496e-01,-3.134076e-01,-9.782941e+00,-9.781547e-03,1.947663e-02,1.650665e-03,1.368878e+01,1.013940e+02,1.779731e+02,-2.915980e-01,1.675179e+00,-9.993614e-01,-3.520485e-02,6.117905e-03,3.536819e-02,-9.989525e-01,2.903500e-02,5.089324e-03,2.923284e-02,9.995596e-01,-4.070464e-02,7.926226e-02,-4.916869e-01,1.108171e-01,2.214175e-02,-9.790468e+00,
-3.978451e-01,-3.612148e-01,-2.156369e+00,-1.264775e-01,-2.473923e-01,-9.726729e+00,-1.042109e-02,2.011488e-02,1.385842e-03,1.368983e+01,1.013940e+02,1.779254e+02,-2.845424e-01,1.685539e+00,-9.993323e-01,-3.603854e-02,6.025571e-03,3.619974e-02,-9.989175e-01,2.921500e-02,4.966182e-03,2.941361e-02,9.995551e-01,-4.081593e-02,7.876638e-02,-4.916886e-01,7.700026e-02,-4.028246e-02,-9.730052e+00,
-3.957727e-01,-3.623641e-01,-2.159892e+00,-1.323205e-01,-2.714950e-01,-9.751284e+00,-1.044132e-02,2.013408e-02,1.575171e-03,1.368969e+01,1.013900e+02,1.778777e+02,-2.795622e-01,1.696497e+00,-9.993023e-01,-3.687178e-02,5.970126e-03,3.703193e-02,-9.988815e-01,2.940421e-02,4.879262e-03,2.960478e-02,9.995499e-01,-4.067728e-02,7.937051e-02,-4.919621e-01,8.327030e-02,-2.072981e-02,-9.755249e+00,
-3.957115e-01,-3.556984e-01,-2.162384e+00,-1.219098e-01,-3.050750e-01,-9.819682e+00,-1.124359e-02,2.004533e-02,1.401984e-03,1.369006e+01,1.013900e+02,1.778272e+02,-2.748089e-01,1.705101e+00,-9.992695e-01,-3.775362e-02,5.918842e-03,3.791259e-02,-9.988439e-01,2.955208e-02,4.796301e-03,2.975489e-02,9.995456e-01,-4.037597e-02,7.885247e-02,-4.929497e-01,7.670694e-02,8.848161e-03,-9.822418e+00,
-3.947212e-01,-3.612724e-01,-2.162277e+00,-1.271167e-01,-3.061241e-01,-9.818126e+00,-1.195827e-02,2.023876e-02,1.354228e-03,1.368799e+01,1.013940e+02,1.777756e+02,-2.695484e-01,1.708655e+00,-9.992356e-01,-3.865509e-02,5.856136e-03,3.881209e-02,-9.988077e-01,2.961226e-02,4.704489e-03,2.981691e-02,9.995443e-01,-4.026337e-02,7.887290e-02,-4.922303e-01,8.182448e-02,1.270396e-02,-9.824511e+00,
-3.957421e-01,-3.590313e-01,-2.161138e+00,-9.408124e-02,-2.655096e-01,-9.792163e+00,-1.257000e-02,1.995996e-02,1.491557e-03,1.368621e+01,1.013940e+02,1.777275e+02,-2.612375e-01,1.706598e+00,-9.992033e-01,-3.949839e-02,5.734711e-03,3.965125e-02,-9.987758e-01,2.957722e-02,4.559438e-03,2.978104e-02,9.995461e-01,-4.034943e-02,7.870740e-02,-4.922201e-01,4.750594e-02,-2.801731e-02,-9.798065e+00,
-3.968151e-01,-3.601409e-01,-2.161168e+00,-1.052152e-01,-2.652449e-01,-9.771464e+00,-1.259531e-02,2.010673e-02,1.376607e-03,1.368719e+01,1.013940e+02,1.776763e+02,-2.522147e-01,1.705355e+00,-9.991681e-01,-4.039518e-02,5.602972e-03,4.054364e-02,-9.987405e-01,2.955681e-02,4.401962e-03,2.975938e-02,9.995474e-01,-4.046126e-02,7.786599e-02,-4.921992e-01,6.129879e-02,-3.137806e-02,-9.769676e+00,
-3.967630e-01,-3.567902e-01,-2.159999e+00,-1.199819e-01,-3.171128e-01,-9.846164e+00,-1.319390e-02,2.026941e-02,1.281907e-03,1.368927e+01,1.013940e+02,1.776387e+02,-2.444034e-01,1.701518e+00,-9.991418e-01,-4.105638e-02,5.483502e-03,4.120072e-02,-9.987155e-01,2.949184e-02,4.265631e-03,2.969245e-02,9.995500e-01,-3.989313e-02,7.835574e-02,-4.919847e-01,7.921185e-02,2.108285e-02,-9.854070e+00,
-3.968395e-01,-3.612638e-01,-2.162363e+00,-1.170195e-01,-2.952710e-01,-9.817936e+00,-1.431563e-02,2.031145e-02,9.602431e-04,1.368876e+01,1.013900e+02,1.775950e+02,-2.374611e-01,1.691414e+00,-9.991107e-01,-4.182129e-02,5.377576e-03,4.196143e-02,-9.986891e-01,2.931663e-02,4.144467e-03,2.951621e-02,9.995557e-01,-4.015826e-02,7.915598e-02,-4.922122e-01,7.658714e-02,1.650840e-03,-9.826191e+00,
-3.957864e-01,-3.634781e-01,-2.159879e+00,-8.777371e-02,-2.426432e-01,-9.785581e+00,-1.405381e-02,2.081095e-02,1.096965e-03,1.368890e+01,1.013940e+02,1.775587e+02,-2.260398e-01,1.679785e+00,-9.990847e-01,-4.246183e-02,5.188486e-03,4.259535e-02,-9.986681e-01,2.911901e-02,3.945128e-03,2.931336e-02,9.995626e-01,-3.975708e-02,7.994324e-02,-4.919839e-01,4.711502e-02,-4.273938e-02,-9.789188e+00,
-3.968472e-01,-3.601678e-01,-2.164790e+00,-9.544279e-02,-2.503692e-01,-9.774714e+00,-1.441845e-02,1.998403e-02,1.031787e-03,1.368893e+01,1.014060e+02,1.775246e+02,-2.214188e-01,1.666489e+00,-9.990595e-01,-4.305950e-02,5.115275e-03,4.318973e-02,-9.986493e-01,2.888764e-02,3.864478e-03,2.908140e-02,9.995697e-01,-3.926135e-02,7.959543e-02,-4.927084e-01,5.521505e-02,-3.942226e-02,-9.769736e+00,
-3.967722e-01,-3.601051e-01,-2.156339e+00,-1.076589e-01,-3.069673e-01,-9.863429e+00,-1.499054e-02,2.048421e-02,1.133091e-03,1.368958e+01,1.013940e+02,1.774996e+02,-2.151340e-01,1.653797e+00,-9.990410e-01,-4.349918e-02,5.008694e-03,4.362530e-02,-9.986367e-01,2.866899e-02,3.754788e-03,2.886000e-02,9.995766e-01,-3.939913e-02,7.953754e-02,-4.912261e-01,7.145058e-02,1.973331e-02,-9.867300e+00,
-3.957589e-01,-3.612502e-01,-2.159905e+00,-7.453439e-02,-2.629332e-01,-9.816088e+00,-1.599213e-02,2.080290e-02,1.060127e-03,1.369096e+01,1.013940e+02,1.774787e+02,-2.019474e-01,1.632213e+00,-9.990258e-01,-4.387309e-02,4.772830e-03,4.399097e-02,-9.986311e-01,2.830108e-02,3.524640e-03,2.848347e-02,9.995882e-01,-3.930756e-02,7.859305e-02,-4.921585e-01,3.907958e-02,-1.678336e-02,-9.826972e+00,
-3.978910e-01,-3.623556e-01,-2.159978e+00,-3.185809e-02,-2.164797e-01,-9.773710e+00,-1.596563e-02,2.074117e-02,8.906472e-04,1.368972e+01,1.014010e+02,1.774622e+02,-1.858877e-01,1.608116e+00,-9.990140e-01,-4.416956e-02,4.482471e-03,4.427772e-02,-9.986298e-01,2.789211e-02,3.244347e-03,2.806309e-02,9.996009e-01,-3.883766e-02,8.036502e-02,-4.919308e-01,-3.806874e-05,-5.759180e-02,-9.774479e+00,
-3.978957e-01,-3.601545e-01,-2.163626e+00,-7.373273e-02,-2.568812e-01,-9.779783e+00,-1.596374e-02,2.055183e-02,5.972704e-04,1.368906e+01,1.014170e+02,1.774526e+02,-1.765943e-01,1.586738e+00,-9.990071e-01,-4.434410e-02,4.308653e-03,4.444620e-02,-9.986326e-01,2.752596e-02,3.082147e-03,2.769013e-02,9.996119e-01,-3.851193e-02,8.076949e-02,-4.916785e-01,4.054263e-02,-1.858369e-02,-9.783269e+00,
-4.000416e-01,-3.623738e-01,-2.163687e+00,-6.708908e-02,-2.794153e-01,-9.860525e+00,-1.663422e-02,2.069394e-02,6.589781e-04,1.368933e+01,1.013940e+02,1.774459e+02,-1.675683e-01,1.564017e+00,-9.990024e-01,-4.446617e-02,4.136904e-03,4.456233e-02,-9.986381e-01,2.713647e-02,2.924614e-03,2.729375e-02,9.996233e-01,-3.821151e-02,8.071157e-02,-4.926305e-01,3.939673e-02,9.425610e-03,-9.867911e+00,
-3.979477e-01,-3.635053e-01,-2.164795e+00,-8.205634e-02,-2.384436e-01,-9.754937e+00,-1.724513e-02,2.047842e-02,4.920838e-04,1.368792e+01,1.013940e+02,1.774409e+02,-1.614793e-01,1.534786e+00,-9.989987e-01,-4.455875e-02,4.010425e-03,4.465000e-02,-9.986476e-01,2.663136e-02,2.818342e-03,2.678377e-02,9.996372e-01,-3.860696e-02,8.032354e-02,-4.920801e-01,5.386592e-02,-2.427757e-02,-9.756527e+00,
-3.989441e-01,-3.601413e-01,-2.162462e+00,-2.299270e-02,-1.784140e-01,-9.727181e+00,-1.742813e-02,2.074553e-02,7.415490e-04,1.368817e+01,1.013820e+02,1.774381e+02,-1.448107e-01,1.499967e+00,-9.989974e-01,-4.461754e-02,3.694086e-03,4.469881e-02,-9.986612e-01,2.603728e-02,2.527421e-03,2.617629e-02,9.996543e-01,-3.821974e-02,8.082623e-02,-4.922999e-01,-3.748253e-03,-7.520722e-02,-9.733048e+00,
-3.968717e-01,-3.612907e-01,-2.165985e+00,-7.638715e-02,-2.491934e-01,-9.769521e+00,-1.724530e-02,2.023764e-02,4.626593e-04,1.368795e+01,1.013940e+02,1.774431e+02,-1.395983e-01,1.472763e+00,-9.990014e-01,-4.453463e-02,3.579821e-03,4.461180e-02,-9.986772e-01,2.556749e-02,2.436447e-03,2.570166e-02,9.996668e-01,-3.794470e-02,8.126298e-02,-4.925212e-01,5.027054e-02,-5.967453e-03,-9.765018e+00,
-3.990313e-01,-3.646239e-01,-2.166033e+00,-3.215276e-02,-2.395856e-01,-9.808203e+00,-1.784686e-02,2.098768e-02,6.751031e-04,1.368877e+01,1.014060e+02,1.774515e+02,-1.254781e-01,1.440273e+00,-9.990087e-01,-4.439514e-02,3.304747e-03,4.446407e-02,-9.986979e-01,2.501266e-02,2.190004e-03,2.513481e-02,9.996818e-01,-3.820733e-02,8.221430e-02,-4.929628e-01,1.342878e-02,-5.534098e-03,-9.817615e+00,
-4.000110e-01,-3.590410e-01,-2.164932e+00,-5.040855e-02,-1.852320e-01,-9.682502e+00,-1.771886e-02,2.106881e-02,4.439711e-04,1.368890e+01,1.013940e+02,1.774613e+02,-1.109218e-01,1.407179e+00,-9.990167e-01,-4.423248e-02,3.021198e-03,4.429324e-02,-9.987194e-01,2.444762e-02,1.935950e-03,2.455740e-02,9.996966e-01,-3.809775e-02,8.226730e-02,-4.926811e-01,2.966158e-02,-5.409780e-02,-9.681401e+00,
-3.979232e-01,-3.623824e-01,-2.163600e+00,1.722066e-02,-1.778410e-01,-9.707075e+00,-1.768951e-02,2.059510e-02,5.785144e-04,1.368922e+01,1.014060e+02,1.774776e+02,-9.395703e-02,1.372676e+00,-9.990299e-01,-4.395799e-02,2.692075e-03,4.400981e-02,-9.987463e-01,2.386007e-02,1.639859e-03,2.395540e-02,9.997118e-01,-3.729883e-02,8.296248e-02,-4.926775e-01,-3.542989e-02,-5.298516e-02,-9.711190e+00,
-4.001012e-01,-3.646285e-01,-2.167283e+00,-4.486064e-02,-2.261348e-01,-9.711153e+00,-1.761181e-02,2.087841e-02,2.587955e-04,1.368901e+01,1.014060e+02,1.774936e+02,-8.089578e-02,1.341869e+00,-9.990424e-01,-4.368613e-02,2.434251e-03,4.373111e-02,-9.987708e-01,2.333376e-02,1.411897e-03,2.341787e-02,9.997248e-01,-3.742012e-02,8.299063e-02,-4.931169e-01,3.079432e-02,-3.653988e-03,-9.711600e+00,
-3.958982e-01,-3.690836e-01,-2.164645e+00,-1.238928e-02,-2.206836e-01,-9.758259e+00,-1.813892e-02,2.080960e-02,4.814837e-04,1.368956e+01,1.013940e+02,1.775142e+02,-6.573051e-02,1.308191e+00,-9.990583e-01,-4.333333e-02,2.136002e-03,4.337077e-02,-9.987997e-01,2.275903e-02,1.147214e-03,2.283023e-02,9.997387e-01,-3.748061e-02,8.393852e-02,-4.933214e-01,2.736039e-04,-1.302093e-03,-9.760393e+00,
-3.990099e-01,-3.646060e-01,-2.163618e+00,-1.658409e-02,-1.514736e-01,-9.643269e+00,-1.793505e-02,2.065549e-02,4.027242e-04,1.368881e+01,1.014060e+02,1.775365e+02,-5.078239e-02,1.271734e+00,-9.990755e-01,-4.295241e-02,1.839245e-03,4.298264e-02,-9.988306e-01,2.213553e-02,8.863198e-04,2.219412e-02,9.997533e-01,-3.741540e-02,8.357571e-02,-4.923014e-01,6.283380e-03,-6.208746e-02,-9.648146e+00,
-3.990053e-01,-3.668070e-01,-2.159971e+00,2.826700e-02,-1.647419e-01,-9.674551e+00,-1.757156e-02,2.049275e-02,1.958390e-04,1.368810e+01,1.013940e+02,1.775634e+02,-3.317446e-02,1.237619e+00,-9.990957e-01,-4.249100e-02,1.496586e-03,4.251341e-02,-9.988634e-01,2.155471e-02,5.790036e-04,2.159884e-02,9.997666e-01,-3.706706e-02,8.381331e-02,-4.937305e-01,-3.576063e-02,-4.486860e-02,-9.673429e+00,
-3.990895e-01,-3.701846e-01,-2.164762e+00,-4.644089e-03,-2.195107e-01,-9.717628e+00,-1.775525e-02,2.055929e-02,3.064624e-04,1.368900e+01,1.013940e+02,1.775918e+02,-2.089011e-02,1.207163e+00,-9.991168e-01,-4.200201e-02,1.249430e-03,4.201901e-02,-9.988955e-01,2.103348e-02,3.646013e-04,2.106741e-02,9.997782e-01,-3.715321e-02,8.519813e-02,-4.924837e-01,1.276387e-03,1.676460e-02,-9.718987e+00,
-4.001074e-01,-3.668385e-01,-2.164843e+00,1.899632e-02,-1.683276e-01,-9.659771e+00,-1.768414e-02,2.073964e-02,-4.377236e-05,1.368817e+01,1.013940e+02,1.776241e+02,-2.059073e-03,1.172528e+00,-9.991405e-01,-4.144502e-02,8.841829e-04,4.145444e-02,-9.989313e-01,2.044396e-02,3.593761e-05,2.046304e-02,9.997907e-01,-3.704736e-02,8.501396e-02,-4.929279e-01,-1.991212e-02,-2.868032e-02,-9.662090e+00,
-3.990114e-01,-3.690169e-01,-2.157530e+00,2.527943e-02,-1.222168e-01,-9.564009e+00,-1.749445e-02,2.057116e-02,-2.466989e-04,1.368712e+01,1.013940e+02,1.776577e+02,1.451282e-02,1.139390e+00,-9.991645e-01,-4.086569e-02,5.596317e-04,4.086874e-02,-9.989668e-01,1.987853e-02,-2.532965e-04,1.988479e-02,9.998023e-01,-3.694789e-02,8.551986e-02,-4.909511e-01,-2.625379e-02,-6.685863e-02,-9.567854e+00,
-3.979615e-01,-3.646193e-01,-2.164782e+00,2.739775e-03,-1.773055e-01,-9.671101e+00,-1.687866e-02,2.024985e-02,2.590573e-05,1.368621e+01,1.014010e+02,1.776957e+02,2.669117e-02,1.111801e+00,-9.991913e-01,-4.020841e-02,3.147657e-04,4.020694e-02,-9.990030e-01,1.940641e-02,-4.658487e-04,1.940337e-02,9.998117e-01,-3.685004e-02,8.615080e-02,-4.928649e-01,2.857453e-03,-1.058397e-02,-9.669511e+00,
-4.001655e-01,-3.723992e-01,-2.163572e+00,1.507343e-02,-1.721910e-01,-9.621886e+00,-1.715579e-02,2.041678e-02,-4.168659e-05,1.368511e+01,1.013900e+02,1.777385e+02,3.988751e-02,1.083476e+00,-9.992209e-01,-3.946630e-02,5.065495e-05,3.946019e-02,-9.990420e-01,1.892184e-02,-6.961684e-04,1.890909e-02,9.998209e-01,-3.657364e-02,8.658512e-02,-4.921141e-01,-1.039387e-02,-9.903625e-03,-9.623132e+00,
