MagX, MagY, MagZ, AccX, AccY, AccZ, GyroX, GyroY, GyroZ, Temp, Pres, Yaw, Pitch, Roll, DCM1, DCM2, DCM3, DCM4, DCM5, DCM6, DCM7, DCM8, DCM9, MagNED1, MagNED2, MagNED3, AccNED1, AccNED2, ACCNED3, 
2.575294e-02,-6.483441e-02,2.469368e+00,-4.920626e-01,1.491571e-01,-9.635188e+00,1.416814e-02,1.785930e-02,3.960450e-03,-6.163298e+00,9.935300e+01,-1.437338e+02,-2.808947e+00,-6.973531e-01,-8.053091e-01,5.910125e-01,4.670880e-02,-5.908265e-01,-8.065709e-01,1.917352e-02,4.900574e-02,-1.215618e-02,9.987246e-01,1.919522e-02,1.770141e-01,4.932039e-01,3.436813e-02,-1.432262e-02,-9.648827e+00,
2.578529e-02,-6.055570e-02,2.469341e+00,-4.713119e-01,1.538069e-01,-9.653514e+00,1.476307e-02,1.904164e-02,4.094140e-03,-6.163957e+00,9.935300e+01,-1.437276e+02,-2.750265e+00,-6.425014e-01,-8.052847e-01,5.911542e-01,4.531610e-02,-5.909436e-01,-8.064809e-01,1.934551e-02,4.798274e-02,-1.120061e-02,9.987854e-01,1.895256e-02,1.764450e-01,4.931870e-01,3.300422e-02,-3.227574e-02,-9.666127e+00,
2.781567e-02,-5.846270e-02,2.469459e+00,-4.560927e-01,1.468879e-01,-9.689002e+00,1.500639e-02,1.872355e-02,4.260053e-03,-6.163584e+00,9.934200e+01,-1.437203e+02,-2.693257e+00,-5.865140e-01,-8.052475e-01,5.913089e-01,4.393472e-02,-5.910740e-01,-8.063803e-01,1.955120e-02,4.698889e-02,-1.022512e-02,9.988431e-01,1.816766e-02,1.760026e-01,4.932138e-01,2.843994e-02,-3.829460e-02,-9.700726e+00,
2.381957e-02,-5.409480e-02,2.469218e+00,-4.354269e-01,1.321229e-01,-9.721234e+00,1.498153e-02,1.846505e-02,4.251568e-03,-6.162346e+00,9.935300e+01,-1.437130e+02,-2.637010e+00,-5.299507e-01,-8.052093e-01,5.914616e-01,4.255795e-02,-5.912033e-01,-8.062803e-01,1.977242e-02,4.600826e-02,-9.239459e-03,9.988984e-01,1.854950e-02,1.758921e-01,4.931130e-01,1.503962e-02,-4.131466e-02,-9.731779e+00,
2.189498e-02,-4.228358e-02,2.469042e+00,-4.060729e-01,1.285707e-01,-9.748045e+00,1.554052e-02,2.019822e-02,4.194661e-03,-6.163342e+00,9.935300e+01,-1.437061e+02,-2.570101e+00,-4.702240e-01,-8.051806e-01,5.916110e-01,4.099866e-02,-5.913322e-01,-8.061821e-01,1.992747e-02,4.484168e-02,-8.198611e-03,9.989606e-01,1.935794e-02,1.743889e-01,4.930478e-01,3.369063e-03,-5.778131e-02,-9.757176e+00,
2.281277e-02,-5.407157e-02,2.469159e+00,-3.870991e-01,1.221410e-01,-9.776644e+00,1.556899e-02,1.874600e-02,4.489581e-03,-6.162716e+00,9.934200e+01,-1.436973e+02,-2.511210e+00,-4.103401e-01,-8.051268e-01,5.917828e-01,3.954963e-02,-5.914823e-01,-8.060658e-01,2.016832e-02,4.381486e-02,-7.154848e-03,9.990141e-01,1.715820e-02,1.761950e-01,4.930800e-01,-2.717882e-03,-6.666996e-02,-9.784840e+00,
2.179746e-02,-5.511864e-02,2.469103e+00,-3.610083e-01,1.113589e-01,-9.808163e+00,1.588504e-02,1.877260e-02,4.183393e-03,-6.162241e+00,9.935300e+01,-1.436902e+02,-2.451774e+00,-3.483443e-01,-8.050900e-01,5.919297e-01,3.807154e-02,-5.916082e-01,-8.059668e-01,2.043160e-02,4.277847e-02,-6.074153e-03,9.990662e-01,1.643721e-02,1.765963e-01,4.930419e-01,-1.685110e-02,-7.657258e-02,-9.815125e+00,
2.281280e-02,-5.407160e-02,2.469162e+00,-3.328125e-01,1.018490e-01,-9.856849e+00,1.602296e-02,1.963673e-02,4.539744e-03,-6.163233e+00,9.935300e+01,-1.436811e+02,-2.386793e+00,-2.855210e-01,-8.050343e-01,5.921041e-01,3.650611e-02,-5.917648e-01,-8.058463e-01,2.065017e-02,4.164536e-02,-4.978938e-03,9.991201e-01,1.559370e-02,1.764319e-01,4.930477e-01,-3.160450e-02,-8.867351e-02,-9.862543e+00,
2.383590e-02,-5.195599e-02,2.469214e+00,-3.117296e-01,9.847029e-02,-9.878648e+00,1.583692e-02,2.196946e-02,4.477931e-03,-6.161829e+00,9.935700e+01,-1.436723e+02,-2.308371e+00,-2.237998e-01,-8.049886e-01,5.922711e-01,3.476317e-02,-5.919217e-01,-8.057294e-01,2.071360e-02,4.027777e-02,-3.902866e-03,9.991811e-01,1.478192e-02,1.760279e-01,4.930803e-01,-3.415316e-02,-9.944316e-02,-9.883498e+00,
2.183781e-02,-4.977237e-02,2.469102e+00,-2.741039e-01,7.606701e-02,-9.934604e+00,1.596225e-02,1.957379e-02,4.251403e-03,-6.161510e+00,9.934601e+01,-1.436647e+02,-2.242675e+00,-1.608237e-01,-8.049469e-01,5.924184e-01,3.318636e-02,-5.920554e-01,-8.056258e-01,2.092487e-02,3.913207e-02,-2.804750e-03,9.992303e-01,1.452034e-02,1.760228e-01,4.930297e-01,-6.399080e-02,-1.068772e-01,-9.937897e+00,
2.180522e-02,-5.405037e-02,2.469115e+00,-2.533826e-01,5.287886e-02,-9.985015e+00,1.566763e-02,2.031242e-02,4.310136e-03,-6.161100e+00,9.934200e+01,-1.436568e+02,-2.172840e+00,-9.911074e-02,-8.049025e-01,5.925671e-01,3.156420e-02,-5.921947e-01,-8.055193e-01,2.107533e-02,3.791412e-02,-1.728565e-03,9.992796e-01,1.321781e-02,1.767492e-01,4.930306e-01,-7.988645e-02,-1.029806e-01,-9.987519e+00,
2.384370e-02,-5.088771e-02,2.469228e+00,-2.162271e-01,4.164541e-02,-1.006164e+01,1.565077e-02,2.283153e-02,3.650550e-03,-6.160400e+00,9.934200e+01,-1.436525e+02,-2.088907e+00,-3.720598e-02,-8.049026e-01,5.926611e-01,2.974325e-02,-5.922865e-01,-8.054517e-01,2.108030e-02,3.645023e-02,-6.489353e-04,9.993353e-01,1.234503e-02,1.760449e-01,4.930884e-01,-1.005427e-01,-1.175775e-01,-1.006287e+01,
1.882459e-02,-4.863476e-02,2.468923e+00,-1.635700e-01,2.943738e-02,-1.011419e+01,1.480330e-02,2.002857e-02,3.867441e-03,-6.160680e+00,9.935300e+01,-1.436470e+02,-2.021274e+00,1.984396e-02,-8.048792e-01,5.927682e-01,2.820093e-02,-5.923896e-01,-8.053730e-01,2.118587e-02,3.527058e-02,3.461270e-04,9.993777e-01,1.257257e-02,1.763136e-01,4.929984e-01,-1.361259e-01,-1.410888e-01,-1.011366e+01,
2.084726e-02,-4.760863e-02,2.469011e+00,-1.275466e-01,7.609332e-03,-1.017790e+01,1.430416e-02,2.023912e-02,3.460549e-03,-6.162676e+00,9.935300e+01,-1.436437e+02,-1.952243e+00,7.436146e-02,-8.048788e-01,5.928397e-01,2.666591e-02,-5.924605e-01,-8.053194e-01,2.123997e-02,3.406647e-02,1.297099e-03,9.994187e-01,1.160879e-02,1.759593e-01,4.930377e-01,-1.642323e-01,-1.467399e-01,-1.017632e+01,
2.082311e-02,-5.081702e-02,2.469019e+00,-9.244795e-02,-1.839966e-02,-1.025307e+01,1.377455e-02,1.914702e-02,3.157536e-03,-6.163644e+00,9.935300e+01,-1.436421e+02,-1.889508e+00,1.260830e-01,-8.048920e-01,5.928840e-01,2.524884e-02,-5.925047e-01,-8.052849e-01,2.131891e-02,3.297215e-02,2.199366e-03,9.994539e-01,1.054565e-02,1.764874e-01,4.930402e-01,-1.953765e-01,-1.489916e-01,-1.025056e+01,
1.884140e-02,-4.649326e-02,2.468884e+00,-6.139504e-02,-1.990026e-02,-1.028087e+01,1.250784e-02,1.974998e-02,2.810442e-03,-6.164509e+00,9.934200e+01,-1.436425e+02,-1.823038e+00,1.705861e-01,-8.049258e-01,5.928960e-01,2.385467e-02,-5.925223e-01,-8.052737e-01,2.125687e-02,3.181265e-02,2.975779e-03,9.994896e-01,1.063713e-02,1.760217e-01,4.930306e-01,-2.076270e-01,-1.661360e-01,-1.027763e+01,
1.784229e-02,-4.540212e-02,2.468834e+00,-2.848030e-02,-2.444679e-02,-1.031248e+01,1.178412e-02,1.816143e-02,2.608191e-03,-6.164505e+00,9.934200e+01,-1.436439e+02,-1.765034e+00,2.110325e-01,-8.049664e-01,5.928892e-01,2.262178e-02,-5.925206e-01,-8.052758e-01,2.122490e-02,3.080078e-02,3.681458e-03,9.995189e-01,1.030256e-02,1.759517e-01,4.930345e-01,-2.248551e-01,-1.823197e-01,-1.030848e+01,
1.783400e-02,-4.647269e-02,2.468851e+00,-7.198208e-03,-4.348273e-02,-1.034544e+01,1.076560e-02,1.912666e-02,2.023660e-03,-6.162821e+00,9.934200e+01,-1.436487e+02,-1.701044e+00,2.459629e-01,-8.050431e-01,5.928316e-01,2.136306e-02,-5.924733e-01,-8.053150e-01,2.105229e-02,2.968446e-02,4.290959e-03,9.995502e-01,9.574261e-03,1.760300e-01,4.930794e-01,-2.409933e-01,-1.785132e-01,-1.034118e+01,
1.688313e-02,-3.896491e-02,2.468782e+00,4.664408e-03,-4.499210e-02,-1.035551e+01,9.528522e-03,1.766800e-02,1.572413e-03,-6.159949e+00,9.934200e+01,-1.436561e+02,-1.645055e+00,2.738694e-01,-8.051423e-01,5.927345e-01,2.029032e-02,-5.923865e-01,-8.053837e-01,2.086295e-02,2.870768e-02,4.777935e-03,9.995765e-01,1.004584e-02,1.749039e-01,4.931111e-01,-2.405405e-01,-1.825737e-01,-1.035121e+01,
1.680174e-02,-4.966195e-02,2.468848e+00,3.016559e-02,-3.262553e-02,-1.034788e+01,8.355482e-03,1.820687e-02,7.867739e-04,-6.158079e+00,9.935300e+01,-1.436679e+02,-1.584938e+00,2.951149e-01,-8.052886e-01,5.925709e-01,1.923000e-02,-5.922374e-01,-8.055018e-01,2.053606e-02,2.765887e-02,5.148733e-03,9.996041e-01,8.374116e-03,1.763744e-01,4.931796e-01,-2.426147e-01,-2.040900e-01,-1.034312e+01,
1.481216e-02,-4.640764e-02,2.468712e+00,3.875497e-02,-3.551427e-02,-1.034406e+01,7.374905e-03,1.606605e-02,4.780185e-04,-6.157544e+00,9.935300e+01,-1.436816e+02,-1.535786e+00,3.108664e-01,-8.054488e-01,5.923802e-01,1.838109e-02,-5.920591e-01,-8.056403e-01,2.024505e-02,2.680131e-02,5.423667e-03,9.996260e-01,8.657949e-03,1.759587e-01,4.932047e-01,-2.423881e-01,-2.037496e-01,-1.033934e+01,
1.784169e-02,-4.540407e-02,2.468862e+00,3.680538e-02,-5.094459e-02,-1.034792e+01,5.977143e-03,1.835429e-02,-2.400030e-04,-6.159230e+00,9.934200e+01,-1.436993e+02,-1.471681e+00,3.193106e-01,-8.056554e-01,5.921291e-01,1.739870e-02,-5.918276e-01,-8.058240e-01,1.969600e-02,2.568286e-02,5.571155e-03,9.996548e-01,7.876626e-03,1.751986e-01,4.933527e-01,-2.398585e-01,-1.845426e-01,-1.034368e+01,
1.382186e-02,-4.424297e-02,2.468615e+00,4.094107e-02,-4.370607e-02,-1.033570e+01,4.872003e-03,1.592454e-02,-1.013938e-03,-6.161561e+00,9.935300e+01,-1.437215e+02,-1.418835e+00,3.215672e-01,-8.059033e-01,5.918133e-01,1.663972e-02,-5.915292e-01,-8.060555e-01,1.917543e-02,2.476081e-02,5.610657e-03,9.996777e-01,8.304589e-03,1.752125e-01,4.933845e-01,-2.308435e-01,-1.871798e-01,-1.033160e+01,
1.582820e-02,-4.535738e-02,2.468729e+00,5.587409e-02,-3.092467e-02,-1.030327e+01,3.628717e-03,1.739423e-02,-1.208722e-03,-6.162701e+00,9.935700e+01,-1.437448e+02,-1.354342e+00,3.166530e-01,-8.061653e-01,5.914797e-01,1.579084e-02,-5.912182e-01,-8.063010e-01,1.843406e-02,2.363553e-02,5.525066e-03,9.997054e-01,7.524850e-03,1.747928e-01,4.935494e-01,-2.260324e-01,-1.980303e-01,-1.029909e+01,
1.579560e-02,-4.963500e-02,2.468740e+00,5.093662e-02,-3.506108e-02,-1.028715e+01,2.488797e-03,1.470701e-02,-2.144247e-03,-6.162674e+00,9.935300e+01,-1.437735e+02,-1.304757e+00,3.054292e-01,-8.064778e-01,5.910686e-01,1.521793e-02,-5.908259e-01,-8.066038e-01,1.775682e-02,2.277034e-02,5.329338e-03,9.997266e-01,6.854704e-03,1.751118e-01,4.936684e-01,-2.183519e-01,-1.844814e-01,-1.028337e+01,
1.481297e-02,-4.640404e-02,2.468677e+00,4.296715e-02,-4.257544e-02,-1.027922e+01,1.505794e-03,1.524940e-02,-2.671845e-03,-6.163023e+00,9.934200e+01,-1.438052e+02,-1.252069e+00,2.889205e-01,-8.068215e-01,5.906135e-01,1.465601e-02,-5.903911e-01,-8.069388e-01,1.697299e-02,2.185098e-02,5.041389e-03,9.997485e-01,7.178815e-03,1.743432e-01,4.937950e-01,-2.104649e-01,-1.654807e-01,-1.027591e+01,
1.283940e-02,-4.101102e-02,2.468536e+00,4.644225e-02,-2.822019e-02,-1.024770e+01,4.143375e-04,1.408485e-02,-3.049803e-03,-6.163043e+00,9.934200e+01,-1.438392e+02,-1.205974e+00,2.657318e-01,-8.071851e-01,5.901265e-01,1.425553e-02,-5.899233e-01,-8.072976e-01,1.616298e-02,2.104666e-02,4.636851e-03,9.997678e-01,7.979570e-03,1.733421e-01,4.939078e-01,-2.002273e-01,-1.702487e-01,-1.024447e+01,
1.486143e-02,-3.998717e-02,2.468648e+00,4.499131e-02,-1.488957e-02,-1.019539e+01,-5.695184e-04,1.287315e-02,-3.651125e-03,-6.162727e+00,9.934200e+01,-1.438766e+02,-1.166759e+00,2.361950e-01,-8.075815e-01,5.895894e-01,1.401730e-02,-5.894043e-01,-8.076926e-01,1.533390e-02,2.036237e-02,4.121514e-03,9.997842e-01,7.778114e-03,1.725520e-01,4.940815e-01,-1.880247e-01,-1.708269e-01,-1.019233e+01,
1.681904e-02,-4.751869e-02,2.468793e+00,3.327406e-02,-1.778212e-02,-1.017673e+01,-1.280307e-03,1.055775e-02,-4.311637e-03,-6.162838e+00,9.934601e+01,-1.439179e+02,-1.140817e+00,2.029683e-01,-8.080135e-01,5.889977e-01,1.400408e-02,-5.888277e-01,-8.081271e-01,1.458855e-02,1.990970e-02,3.541756e-03,9.997957e-01,6.759649e-03,1.731123e-01,4.942381e-01,-1.798753e-01,-1.536862e-01,-1.017405e+01,
1.484497e-02,-4.212701e-02,2.468668e+00,1.425048e-02,-7.784627e-03,-1.012996e+01,-2.366078e-03,1.084279e-02,-4.419069e-03,-6.162193e+00,9.934200e+01,-1.439597e+02,-1.114244e+00,1.632265e-01,-8.084511e-01,5.883957e-01,1.404792e-02,-5.882420e-01,-8.085681e-01,1.374465e-02,1.944599e-02,2.848297e-03,9.998069e-01,7.802405e-03,1.720926e-01,4.943540e-01,-1.584061e-01,-1.413210e-01,-1.012775e+01,
1.377301e-02,-5.066146e-02,2.468661e+00,8.336904e-03,8.661466e-03,-1.006488e+01,-3.019952e-03,1.143649e-02,-4.622197e-03,-6.160655e+00,9.935300e+01,-1.440028e+02,-1.088977e+00,1.190948e-01,-8.088998e-01,5.877761e-01,1.415428e-02,-5.876393e-01,-8.090209e-01,1.285181e-02,1.900510e-02,2.078219e-03,9.998173e-01,7.200379e-03,1.730690e-01,4.944964e-01,-1.441138e-01,-1.412583e-01,-1.006286e+01,
1.278210e-02,-4.849976e-02,2.468590e+00,-1.326980e-02,1.805064e-02,-1.000937e+01,-3.467412e-03,1.172522e-02,-4.943173e-03,-6.160308e+00,9.934601e+01,-1.440477e+02,-1.067369e+00,7.214241e-02,-8.093656e-01,5.871301e-01,1.434025e-02,-5.870097e-01,-8.094916e-01,1.195599e-02,1.862803e-02,1.258904e-03,9.998258e-01,7.815319e-03,1.724056e-01,4.946318e-01,-1.221986e-01,-1.264943e-01,-1.000785e+01,
1.577045e-02,-5.284748e-02,2.468795e+00,-3.597664e-02,1.867255e-02,-9.965899e+00,-4.262457e-03,9.681690e-03,-5.267399e-03,-6.159834e+00,9.934200e+01,-1.440945e+02,-1.057688e+00,2.069339e-02,-8.098470e-01,5.864560e-01,1.473978e-02,-5.863507e-01,-8.099810e-01,1.111788e-02,1.845909e-02,3.611064e-04,9.998295e-01,7.216449e-03,1.723238e-01,4.948194e-01,-1.068089e-01,-1.048292e-01,-9.964858e+00,
1.272472e-02,-5.598999e-02,2.468665e+00,-6.300507e-02,3.273410e-02,-9.908189e+00,-4.617970e-03,9.860221e-03,-5.450079e-03,-6.157009e+00,9.935700e+01,-1.441423e+02,-1.047981e+00,-3.288585e-02,-8.103385e-01,5.857660e-01,1.515954e-02,-5.856766e-01,-8.104801e-01,1.024845e-02,1.828970e-02,-5.738703e-04,9.998326e-01,7.684028e-03,1.727087e-01,4.949292e-01,-7.997362e-02,-9.117335e-02,-9.907701e+00,
1.483647e-02,-4.319988e-02,2.468720e+00,-8.332714e-02,5.556447e-02,-9.826243e+00,-4.865624e-03,8.040585e-03,-5.322930e-03,-6.156405e+00,9.935300e+01,-1.441894e+02,-1.049525e+00,-8.826587e-02,-8.108192e-01,5.850848e-01,1.575534e-02,-5.850102e-01,-8.109708e-01,9.467913e-03,1.831665e-02,-1.540271e-03,9.998312e-01,9.206531e-03,1.701365e-01,4.950712e-01,-5.474268e-02,-8.934796e-02,-9.826197e+00,
1.576222e-02,-5.391811e-02,2.468818e+00,-1.098494e-01,6.609444e-02,-9.774438e+00,-4.883296e-03,9.300342e-03,-5.464240e-03,-6.156097e+00,9.935300e+01,-1.442373e+02,-1.044656e+00,-1.438137e-01,-8.113094e-01,5.843911e-01,1.626088e-02,-5.843329e-01,-8.114684e-01,8.618366e-03,1.823168e-02,-2.509604e-03,9.998307e-01,8.277657e-03,1.712505e-01,4.952351e-01,-3.119406e-02,-7.368459e-02,-9.774952e+00,
1.274098e-02,-5.385077e-02,2.468656e+00,-1.407148e-01,6.299844e-02,-9.732718e+00,-5.141013e-03,8.313869e-03,-5.658779e-03,-6.156471e+00,9.935700e+01,-1.442863e+02,-1.046258e+00,-2.005962e-01,-8.118085e-01,5.836803e-01,1.686940e-02,-5.836384e-01,-8.119763e-01,7.816073e-03,1.825964e-02,-3.500473e-03,9.998273e-01,9.193665e-03,1.711743e-01,4.953238e-01,-1.318063e-02,-4.509827e-02,-9.733826e+00,
1.477154e-02,-5.175533e-02,2.468741e+00,-1.655957e-01,8.909446e-02,-9.657742e+00,-5.279069e-03,7.325710e-03,-5.307972e-03,-6.157068e+00,9.934200e+01,-1.443332e+02,-1.053962e+00,-2.584350e-01,-8.122845e-01,5.829965e-01,1.757355e-02,-5.829713e-01,-8.124620e-01,7.060472e-03,1.839407e-02,-4.509762e-03,9.998206e-01,9.602514e-03,1.702558e-01,4.954653e-01,1.673178e-02,-4.403656e-02,-9.659456e+00,
1.672073e-02,-6.035725e-02,2.468892e+00,-1.882680e-01,1.085199e-01,-9.583292e+00,-4.861971e-03,6.210434e-03,-5.196146e-03,-6.158458e+00,9.934200e+01,-1.443795e+02,-1.068426e+00,-3.139322e-01,-8.127516e-01,5.823216e-01,1.834847e-02,-5.823122e-01,-8.129402e-01,6.405852e-03,1.864647e-02,-5.478172e-03,9.998112e-01,8.883363e-03,1.710337e-01,4.956107e-01,4.036979e-02,-3.997857e-02,-9.585588e+00,
1.369925e-02,-6.029031e-02,2.468735e+00,-2.162065e-01,1.039491e-01,-9.534373e+00,-4.509875e-03,6.241383e-03,-4.781453e-03,-6.157096e+00,9.935300e+01,-1.444234e+02,-1.083045e+00,-3.673558e-01,-8.131937e-01,5.816798e-01,1.910324e-02,-5.816863e-01,-8.133928e-01,5.781787e-03,1.890158e-02,-6.410380e-03,9.998009e-01,9.858509e-03,1.710450e-01,4.956676e-01,5.414544e-02,-1.391286e-02,-9.537229e+00,
1.672042e-02,-6.035759e-02,2.468892e+00,-2.459481e-01,1.112529e-01,-9.502464e+00,-4.341436e-03,4.626005e-03,-4.662746e-03,-6.158332e+00,9.934601e+01,-1.444666e+02,-1.107291e+00,-4.197870e-01,-8.136247e-01,5.810470e-01,1.998361e-02,-5.810693e-01,-8.138371e-01,5.268557e-03,1.932468e-02,-7.325233e-03,9.997864e-01,9.954939e-03,1.704701e-01,4.957846e-01,7.485910e-02,2.306864e-03,-9.506002e+00,
1.479614e-02,-4.854621e-02,2.468717e+00,-2.648542e-01,1.358672e-01,-9.430709e+00,-3.921792e-03,4.240990e-03,-4.524303e-03,-6.158635e+00,9.935300e+01,-1.445089e+02,-1.134118e+00,-4.701217e-01,-8.140461e-01,5.804248e-01,2.087855e-02,-5.804628e-01,-8.142725e-01,4.810230e-03,1.979280e-02,-8.203473e-03,9.997704e-01,1.211074e-02,1.686419e-01,4.957924e-01,9.756468e-02,-2.258789e-03,-9.434901e+00,
1.468247e-02,-6.351884e-02,2.468769e+00,-2.842084e-01,1.425562e-01,-9.384004e+00,-3.382727e-03,4.032194e-03,-4.187972e-03,-6.159919e+00,9.934200e+01,-1.445492e+02,-1.162421e+00,-5.174555e-01,-8.144465e-01,5.798303e-01,2.176326e-02,-5.798839e-01,-8.146872e-01,4.408936e-03,2.028669e-02,-9.029321e-03,9.997535e-01,1.105228e-02,1.707508e-01,4.958814e-01,1.099045e-01,7.295698e-03,-9.388742e+00,
1.568961e-02,-6.354172e-02,2.468828e+00,-3.169331e-01,1.428816e-01,-9.375419e+00,-2.705902e-03,4.038555e-03,-3.691138e-03,-6.161079e+00,9.934200e+01,-1.445867e+02,-1.191193e+00,-5.609654e-01,-8.148173e-01,5.792768e-01,2.261520e-02,-5.793452e-01,-8.150723e-01,4.066659e-03,2.078874e-02,-9.788423e-03,9.997361e-01,1.143097e-02,1.704745e-01,4.959428e-01,1.289836e-01,2.902816e-02,-9.380931e+00,
1.775226e-02,-5.716965e-02,2.468914e+00,-3.329838e-01,1.505263e-01,-9.330192e+00,-2.218851e-03,3.199298e-03,-3.377574e-03,-6.159941e+00,9.934200e+01,-1.446223e+02,-1.225198e+00,-6.018636e-01,-8.151670e-01,5.787488e-01,2.351462e-02,-5.788315e-01,-8.154384e-01,3.814060e-03,2.138211e-02,-1.050191e-02,9.997163e-01,1.236255e-02,1.691459e-01,4.959847e-01,1.391584e-01,3.441071e-02,-9.336245e+00,
1.671303e-02,-6.142541e-02,2.468879e+00,-3.549240e-01,1.643495e-01,-9.292507e+00,-1.587627e-03,3.374108e-03,-2.771161e-03,-6.160445e+00,9.934200e+01,-1.446544e+02,-1.258916e+00,-6.395361e-01,-8.154807e-01,5.782709e-01,2.437686e-02,-5.783674e-01,-8.157686e-01,3.604856e-03,2.197046e-02,-1.115909e-02,9.996965e-01,1.258247e-02,1.698086e-01,4.960051e-01,1.579501e-01,3.770711e-02,-9.299319e+00,
1.869445e-02,-6.574937e-02,2.469018e+00,-3.813197e-01,1.529574e-01,-9.278511e+00,-6.770954e-04,2.187137e-03,-2.298565e-03,-6.159536e+00,9.934200e+01,-1.446837e+02,-1.300192e+00,-6.719336e-01,-8.157632e-01,5.778329e-01,2.529308e-02,-5.779409e-01,-8.160710e-01,3.547277e-03,2.269068e-02,-1.172417e-02,9.996740e-01,1.235095e-02,1.702286e-01,4.960451e-01,1.647683e-01,6.264268e-02,-9.285932e+00,
1.972588e-02,-6.256270e-02,2.469055e+00,-4.162121e-01,1.446297e-01,-9.278717e+00,-1.431044e-04,2.082930e-03,-2.070833e-03,-6.159686e+00,9.933000e+01,-1.447117e+02,-1.343367e+00,-7.012926e-01,-8.160312e-01,5.774137e-01,2.620557e-02,-5.775324e-01,-8.163602e-01,3.551784e-03,2.344403e-02,-1.223620e-02,9.996503e-01,1.307616e-02,1.696290e-01,4.960347e-01,1.799991e-01,8.935004e-02,-9.287000e+00,
1.868659e-02,-6.681820e-02,2.469018e+00,-4.344005e-01,1.483459e-01,-9.258996e+00,5.425529e-04,2.136916e-03,-1.247485e-03,-6.159605e+00,9.934200e+01,-1.447349e+02,-1.387564e+00,-7.270898e-01,-8.162503e-01,5.770625e-01,2.709643e-02,-5.771906e-01,-8.166014e-01,3.618686e-03,2.421519e-02,-1.268605e-02,9.996263e-01,1.328528e-02,1.704293e-01,4.960080e-01,1.892987e-01,9.608702e-02,-9.267937e+00,
1.970970e-02,-6.470229e-02,2.469070e+00,-4.532073e-01,1.482634e-01,-9.252217e+00,1.146247e-03,1.842258e-03,-8.123862e-04,-6.159219e+00,9.934200e+01,-1.447556e+02,-1.435468e+00,-7.497250e-01,-8.164420e-01,5.767481e-01,2.800816e-02,-5.768841e-01,-8.168175e-01,3.768504e-03,2.505102e-02,-1.308069e-02,9.996007e-01,1.387295e-02,1.700672e-01,4.959779e-01,1.963905e-01,1.054769e-01,-9.261815e+00,
1.875133e-02,-5.826214e-02,2.468982e+00,-4.740095e-01,1.321992e-01,-9.284049e+00,1.819262e-03,2.020932e-03,-1.302948e-04,-6.159491e+00,9.934200e+01,-1.447724e+02,-1.485359e+00,-7.683670e-01,-8.165927e-01,5.764900e-01,2.890783e-02,-5.766320e-01,-8.169942e-01,3.996552e-03,2.592150e-02,-1.340563e-02,9.995741e-01,1.521595e-02,1.692936e-01,4.958874e-01,1.949025e-01,1.282189e-01,-9.294154e+00,
2.081431e-02,-5.188965e-02,2.469066e+00,-4.888310e-01,1.223724e-01,-9.306854e+00,2.421949e-03,1.905036e-03,2.314068e-04,-6.159696e+00,9.933000e+01,-1.447871e+02,-1.538750e+00,-7.833863e-01,-8.167205e-01,5.762624e-01,2.982091e-02,-5.764083e-01,-8.171505e-01,4.312011e-03,2.685302e-02,-1.366731e-02,9.995459e-01,1.608766e-02,1.682456e-01,4.958283e-01,1.922180e-01,1.416383e-01,-9.317428e+00,
1.866220e-02,-7.002699e-02,2.469033e+00,-4.860068e-01,1.138856e-01,-9.328325e+00,2.767944e-03,1.427401e-03,1.034896e-03,-6.159697e+00,9.934200e+01,-1.447972e+02,-1.595371e+00,-7.955868e-01,-8.167997e-01,5.761014e-01,3.075147e-02,-5.762493e-01,-8.172606e-01,4.702168e-03,2.784088e-02,-1.387978e-02,9.995161e-01,1.494271e-02,1.714634e-01,4.957765e-01,1.757202e-01,1.431235e-01,-9.338923e+00,
2.071680e-02,-6.472481e-02,2.469127e+00,-4.946949e-01,9.109364e-02,-9.390638e+00,3.134880e-03,1.466131e-03,1.572182e-03,-6.159596e+00,9.934601e+01,-1.448042e+02,-1.651708e+00,-8.040920e-01,-8.168476e-01,5.759852e-01,3.164065e-02,-5.761330e-01,-8.173398e-01,5.143507e-03,2.882375e-02,-1.402776e-02,9.994861e-01,1.566479e-02,1.706435e-01,4.957013e-01,1.594331e-01,1.622548e-01,-9.401350e+00,
2.374594e-02,-6.372359e-02,2.469293e+00,-4.875693e-01,7.106686e-02,-9.455884e+00,3.426164e-03,1.273206e-03,2.096833e-03,-6.159009e+00,9.933701e+01,-1.448083e+02,-1.708841e+00,-8.093449e-01,-8.168646e-01,5.759128e-01,3.250829e-02,-5.760583e-01,-8.173892e-01,5.640694e-03,2.982047e-02,-1.411898e-02,9.994556e-01,1.575110e-02,1.704076e-01,4.956478e-01,1.318118e-01,1.694413e-01,-9.466279e+00,
2.070836e-02,-6.579509e-02,2.469132e+00,-4.919051e-01,5.924435e-02,-9.479466e+00,3.166479e-03,1.362341e-03,2.236760e-03,-6.159204e+00,9.934200e+01,-1.448115e+02,-1.764932e+00,-8.150317e-01,-8.168734e-01,5.758513e-01,3.336540e-02,-5.759943e-01,-8.174309e-01,6.121534e-03,3.079900e-02,-1.421776e-02,9.994246e-01,1.642784e-02,1.712942e-01,4.955094e-01,1.196540e-01,1.768775e-01,-9.490004e+00,
2.072489e-02,-6.365523e-02,2.469119e+00,-5.002138e-01,6.169027e-02,-9.489288e+00,3.679272e-03,3.350506e-03,2.788704e-03,-6.159289e+00,9.933000e+01,-1.448118e+02,-1.809157e+00,-8.181282e-01,-8.168564e-01,5.758365e-01,3.402700e-02,-5.759764e-01,-8.174403e-01,6.521733e-03,3.157049e-02,-1.427143e-02,9.993997e-01,1.698633e-02,1.711614e-01,4.954216e-01,1.212343e-01,1.757966e-01,-9.500263e+00,
2.269863e-02,-6.904761e-02,2.469248e+00,-5.251977e-01,4.684855e-02,-9.495818e+00,3.814594e-03,1.255621e-04,3.365035e-03,-6.160224e+00,9.934601e+01,-1.448085e+02,-1.872219e+00,-8.197815e-01,-8.167946e-01,5.758695e-01,3.494217e-02,-5.760029e-01,-8.174167e-01,7.134012e-03,3.267057e-02,-1.429976e-02,9.993640e-01,1.654308e-02,1.720809e-01,4.953522e-01,1.241528e-01,1.964773e-01,-9.507607e+00,
2.169946e-02,-6.795583e-02,2.469193e+00,-5.336921e-01,4.120604e-02,-9.521555e+00,3.552288e-03,4.207588e-04,3.688789e-03,-6.160002e+00,9.934200e+01,-1.448035e+02,-1.933143e+00,-8.225605e-01,-8.167146e-01,5.759280e-01,3.583783e-02,-5.760551e-01,-8.173746e-01,7.709957e-03,3.373331e-02,-1.434773e-02,9.993280e-01,1.724395e-02,1.723066e-01,4.952188e-01,1.183740e-01,2.003445e-01,-9.533751e+00,
2.472900e-02,-6.695315e-02,2.469345e+00,-5.382655e-01,5.591725e-02,-9.508986e+00,3.390825e-03,-4.517806e-04,4.144160e-03,-6.160454e+00,9.933000e+01,-1.447957e+02,-1.999457e+00,-8.268557e-01,-8.166040e-01,5.760227e-01,3.682503e-02,-5.761431e-01,-8.173066e-01,8.320334e-03,3.489004e-02,-1.442207e-02,9.992872e-01,1.735463e-02,1.721262e-01,4.951427e-01,1.215907e-01,1.852985e-01,-9.521795e+00,
2.373817e-02,-6.479174e-02,2.469279e+00,-5.396519e-01,5.486477e-02,-9.525303e+00,3.725332e-03,1.456950e-03,4.372331e-03,-6.161502e+00,9.933000e+01,-1.447868e+02,-2.054874e+00,-8.290204e-01,-8.164863e-01,5.761371e-01,3.763514e-02,-5.762504e-01,-8.172253e-01,8.852488e-03,3.585663e-02,-1.445933e-02,9.992524e-01,1.811643e-02,1.721646e-01,4.950127e-01,1.137419e-01,1.818151e-01,-9.538325e+00,
2.169961e-02,-6.795508e-02,2.469182e+00,-5.376846e-01,3.931363e-02,-9.551406e+00,3.686019e-03,8.549735e-04,4.440409e-03,-6.161217e+00,9.934200e+01,-1.447775e+02,-2.113389e+00,-8.301607e-01,-8.163626e-01,5.762567e-01,3.847883e-02,-5.763614e-01,-8.171406e-01,9.430899e-03,3.687723e-02,-1.447868e-02,9.992150e-01,1.847668e-02,1.731588e-01,4.948748e-01,9.407339e-02,1.876975e-01,-9.564305e+00,
2.279644e-02,-5.621041e-02,2.469165e+00,-5.328603e-01,4.735781e-02,-9.570967e+00,3.351741e-03,4.084716e-04,4.963628e-03,-6.162396e+00,9.934200e+01,-1.447652e+02,-2.173938e+00,-8.330778e-01,-8.162063e-01,5.764176e-01,3.936863e-02,-5.765138e-01,-8.170260e-01,1.000676e-02,3.793327e-02,-1.452897e-02,9.991745e-01,1.998747e-02,1.715179e-01,4.947321e-01,8.542603e-02,1.727343e-01,-9.583967e+00,
2.576099e-02,-6.376483e-02,2.469361e+00,-5.350834e-01,5.596151e-02,-9.563620e+00,3.338265e-03,5.332981e-04,5.185839e-03,-6.163817e+00,9.934200e+01,-1.447516e+02,-2.234166e+00,-8.362188e-01,-8.160368e-01,5.765966e-01,4.025559e-02,-5.766840e-01,-8.168989e-01,1.057746e-02,3.898367e-02,-1.458316e-02,9.991335e-01,1.911328e-02,1.726410e-01,4.946972e-01,8.392572e-02,1.617004e-01,-9.577008e+00,
2.474600e-02,-6.481145e-02,2.469303e+00,-5.228238e-01,3.990513e-02,-9.596728e+00,3.428034e-03,1.038347e-03,5.504769e-03,-6.164406e+00,9.933000e+01,-1.447363e+02,-2.290428e+00,-8.370276e-01,-8.158511e-01,5.768025e-01,4.106198e-02,-5.768795e-01,-8.167534e-01,1.114310e-02,3.996487e-02,-1.459670e-02,9.990945e-01,1.950970e-02,1.731920e-01,4.945699e-01,5.550310e-02,1.620764e-01,-9.609516e+00,
2.374730e-02,-6.371862e-02,2.469236e+00,-5.131651e-01,3.520344e-02,-9.629986e+00,3.229737e-03,5.916806e-04,5.569728e-03,-6.165537e+00,9.934200e+01,-1.447206e+02,-2.348222e+00,-8.374479e-01,-8.156603e-01,5.770130e-01,4.188584e-02,-5.770786e-01,-8.166044e-01,1.173036e-02,4.097272e-02,-1.460343e-02,9.990536e-01,2.014336e-02,1.734227e-01,4.944304e-01,3.552118e-02,1.544261e-01,-9.642411e+00,
2.678457e-02,-6.164785e-02,2.469401e+00,-4.882317e-01,4.547004e-02,-9.634076e+00,2.968709e-03,8.459689e-04,5.636470e-03,-6.164861e+00,9.933000e+01,-1.447047e+02,-2.403039e+00,-8.383179e-01,-8.154675e-01,5.772279e-01,4.267147e-02,-5.772824e-01,-8.164523e-01,1.228187e-02,4.192865e-02,-1.461802e-02,9.990137e-01,2.024569e-02,1.730474e-01,4.943700e-01,1.328343e-02,1.263990e-01,-9.645710e+00,
2.472125e-02,-6.802132e-02,2.469334e+00,-4.795887e-01,5.457887e-02,-9.639977e+00,2.677660e-03,1.983674e-03,5.603114e-03,-6.163302e+00,9.933000e+01,-1.446891e+02,-2.449713e+00,-8.406934e-01,-8.152817e-01,5.774394e-01,4.335614e-02,-5.774851e-01,-8.163021e-01,1.273006e-02,4.274254e-02,-1.465894e-02,9.989787e-01,2.016239e-02,1.744727e-01,4.942687e-01,4.563779e-03,1.096850e-01,-9.651430e+00,
2.573669e-02,-6.697354e-02,2.469379e+00,-4.773173e-01,3.556198e-02,-9.668909e+00,2.502568e-03,1.864313e-03,6.058309e-03,-6.163929e+00,9.934200e+01,-1.446709e+02,-2.495170e+00,-8.420349e-01,-8.150707e-01,5.776874e-01,4.401222e-02,-5.777236e-01,-8.161261e-01,1.318299e-02,4.353517e-02,-1.468182e-02,9.989441e-01,2.039236e-02,1.744251e-01,4.941924e-01,-1.595908e-02,1.192692e-01,-9.680002e+00,
2.474565e-02,-6.481259e-02,2.469321e+00,-4.688468e-01,4.146418e-02,-9.666219e+00,2.339364e-03,2.977447e-03,6.080174e-03,-6.163382e+00,9.934200e+01,-1.446527e+02,-2.532655e+00,-8.439220e-01,-8.148641e-01,5.779369e-01,4.456013e-02,-5.779654e-01,-8.159489e-01,1.354817e-02,4.418878e-02,-1.471430e-02,9.989150e-01,2.099712e-02,1.743810e-01,4.940945e-01,-2.471793e-02,1.061850e-01,-9.677058e+00,
2.775894e-02,-6.594910e-02,2.469485e+00,-4.542426e-01,6.622951e-02,-9.649105e+00,2.183492e-03,3.256742e-03,5.922522e-03,-6.163390e+00,9.933000e+01,-1.446354e+02,-2.567256e+00,-8.483509e-01,-8.146675e-01,5.781726e-01,4.509268e-02,-5.781959e-01,-8.157804e-01,1.384772e-02,4.479209e-02,-1.479112e-02,9.988868e-01,2.062590e-02,1.743757e-01,4.940926e-01,-2.675518e-02,7.499440e-02,-9.659690e+00,
2.477037e-02,-6.160275e-02,2.469287e+00,-4.500490e-01,6.344423e-02,-9.641186e+00,2.005740e-03,3.718307e-03,5.753481e-03,-6.164422e+00,9.934200e+01,-1.446192e+02,-2.597308e+00,-8.523796e-01,-8.144843e-01,5.783943e-01,4.555656e-02,-5.784131e-01,-8.156220e-01,1.410649e-02,4.531605e-02,-1.486100e-02,9.988621e-01,2.173836e-02,1.741607e-01,4.939649e-01,-3.596565e-02,7.256442e-02,-9.651553e+00,
2.882298e-02,-5.848391e-02,2.469493e+00,-4.472541e-01,6.112128e-02,-9.658303e+00,1.774362e-03,3.600509e-03,6.037166e-03,-6.165204e+00,9.933701e+01,-1.446014e+02,-2.626904e+00,-8.568883e-01,-8.142853e-01,5.786380e-01,4.601829e-02,-5.786527e-01,-8.154477e-01,1.435536e-02,4.583206e-02,-1.493925e-02,9.988376e-01,2.163557e-02,1.733637e-01,4.939789e-01,-4.489902e-02,7.031520e-02,-9.668489e+00,
2.775087e-02,-6.701872e-02,2.469494e+00,-4.390973e-01,7.143072e-02,-9.646066e+00,1.608450e-03,5.243773e-03,5.858934e-03,-6.164169e+00,9.933501e+01,-1.445847e+02,-2.644822e+00,-8.623856e-01,-8.141053e-01,5.788667e-01,4.632422e-02,-5.788810e-01,-8.152836e-01,1.447152e-02,4.614446e-02,-1.503487e-02,9.988216e-01,2.097336e-02,1.748478e-01,4.939692e-01,-4.802617e-02,5.635554e-02,-9.656034e+00,
2.672728e-02,-6.913564e-02,2.469450e+00,-4.288178e-01,8.662158e-02,-9.619311e+00,1.312886e-03,4.459512e-03,5.576805e-03,-6.163553e+00,9.933000e+01,-1.445696e+02,-2.665009e+00,-8.705778e-01,-8.139391e-01,5.790710e-01,4.668994e-02,-5.790867e-01,-8.151358e-01,1.457122e-02,4.649641e-02,-1.517743e-02,9.988032e-01,2.103670e-02,1.753330e-01,4.939349e-01,-4.993343e-02,3.754923e-02,-9.629052e+00,
2.572019e-02,-6.911310e-02,2.469394e+00,-4.158162e-01,8.633393e-02,-9.627440e+00,1.605247e-03,6.117105e-03,6.132359e-03,-6.162790e+00,9.934200e+01,-1.445514e+02,-2.673382e+00,-8.784398e-01,-8.137491e-01,5.793223e-01,4.688370e-02,-5.793417e-01,-8.149547e-01,1.455891e-02,4.664240e-02,-1.531438e-02,9.987943e-01,2.123635e-02,1.754325e-01,4.939160e-01,-6.298476e-02,3.037637e-02,-9.636549e+00,
2.669477e-02,-7.341396e-02,2.469470e+00,-4.021580e-01,8.532553e-02,-9.643103e+00,1.561986e-03,6.238220e-03,5.964424e-03,-6.163370e+00,9.934200e+01,-1.445341e+02,-2.678985e+00,-8.866696e-01,-8.135709e-01,5.795600e-01,4.704211e-02,-5.795845e-01,-8.147831e-01,1.451268e-02,4.674007e-02,-1.545778e-02,9.987876e-01,2.064713e-02,1.759628e-01,4.939585e-01,-7.699654e-02,2.361548e-02,-9.651527e+00,
2.471348e-02,-6.908946e-02,2.469324e+00,-3.811175e-01,9.406993e-02,-9.634434e+00,1.613124e-03,7.233474e-03,5.819589e-03,-6.164455e+00,9.934200e+01,-1.445177e+02,-2.676276e+00,-8.963305e-01,-8.134065e-01,5.797860e-01,4.709725e-02,-5.798187e-01,-8.146189e-01,1.436139e-02,4.669284e-02,-1.562622e-02,9.987870e-01,2.140163e-02,1.754398e-01,4.939285e-01,-8.921149e-02,5.984008e-03,-9.642013e+00,
2.672760e-02,-6.913456e-02,2.469432e+00,-3.634756e-01,1.057208e-01,-9.634258e+00,1.653803e-03,9.209826e-03,6.072598e-03,-6.165265e+00,9.934200e+01,-1.444999e+02,-2.660974e+00,-9.078391e-01,-8.132366e-01,5.800330e-01,4.699214e-02,-5.800785e-01,-8.144394e-01,1.405752e-02,4.642607e-02,-1.582704e-02,9.987965e-01,2.098657e-02,1.750762e-01,4.940248e-01,-9.582117e-02,-1.069261e-02,-9.641212e+00,
2.673556e-02,-6.806532e-02,2.469435e+00,-3.503981e-01,9.784738e-02,-9.656119e+00,1.211526e-03,8.676046e-03,5.537990e-03,-6.164799e+00,9.934200e+01,-1.444851e+02,-2.648340e+00,-9.213079e-01,-8.130954e-01,5.802346e-01,4.694565e-02,-5.802940e-01,-8.142911e-01,1.375027e-02,4.620580e-02,-1.606199e-02,9.988029e-01,2.103772e-02,1.747588e-01,4.940789e-01,-1.116312e-01,-9.116612e-03,-9.662322e+00,
2.472162e-02,-6.802019e-02,2.469317e+00,-3.352890e-01,9.659132e-02,-9.653895e+00,1.558059e-03,8.646949e-03,5.428956e-03,-6.164474e+00,9.933000e+01,-1.444710e+02,-2.635598e+00,-9.330107e-01,-8.129605e-01,5.804289e-01,4.688003e-02,-5.805005e-01,-8.141485e-01,1.346648e-02,4.598364e-02,-1.626617e-02,9.988098e-01,2.127755e-02,1.748308e-01,4.940919e-01,-1.239338e-01,-1.400822e-02,-9.659393e+00,
2.675207e-02,-6.592441e-02,2.469404e+00,-3.119061e-01,1.153805e-01,-9.649077e+00,1.296434e-03,1.224188e-02,5.346950e-03,-6.165906e+00,9.934200e+01,-1.444575e+02,-2.601128e+00,-9.483828e-01,-8.128468e-01,5.806152e-01,4.654370e-02,-5.807071e-01,-8.140104e-01,1.290977e-02,4.538266e-02,-1.653460e-02,9.988329e-01,2.099293e-02,1.740120e-01,4.942254e-01,-1.285803e-01,-3.736216e-02,-9.653879e+00,
2.368240e-02,-7.227411e-02,2.469262e+00,-3.009013e-01,1.164742e-01,-9.645328e+00,1.460886e-03,1.046049e-02,5.415120e-03,-6.166954e+00,9.933000e+01,-1.444435e+02,-2.576714e+00,-9.631010e-01,-8.127205e-01,5.808079e-01,4.634350e-02,-5.809168e-01,-8.138675e-01,1.246458e-02,4.495699e-02,-1.679150e-02,9.988478e-01,2.062894e-02,1.750997e-01,4.942763e-01,-1.348004e-01,-4.022084e-02,-9.649698e+00,
2.470541e-02,-7.015753e-02,2.469310e+00,-2.981240e-01,1.095996e-01,-9.649132e+00,1.536226e-03,1.021888e-02,5.260694e-03,-6.167078e+00,9.934200e+01,-1.444305e+02,-2.553993e+00,-9.765375e-01,-8.126021e-01,5.809885e-01,4.615470e-02,-5.811129e-01,-8.137338e-01,1.205393e-02,4.456083e-02,-1.702604e-02,9.988617e-01,2.057411e-02,1.744598e-01,4.943647e-01,-1.394205e-01,-3.225110e-02,-9.653299e+00,
2.569643e-02,-7.231853e-02,2.469369e+00,-2.847697e-01,1.133273e-01,-9.654002e+00,1.859911e-03,1.137677e-02,5.241344e-03,-6.167773e+00,9.933000e+01,-1.444176e+02,-2.524631e+00,-9.881212e-01,-8.124900e-01,5.811692e-01,4.585318e-02,-5.813088e-01,-8.136004e-01,1.160196e-02,4.404886e-02,-1.722838e-02,9.988809e-01,2.000092e-02,1.744583e-01,4.944778e-01,-1.454318e-01,-3.866937e-02,-9.657695e+00,
2.572912e-02,-6.803986e-02,2.469341e+00,-2.702845e-01,1.330050e-01,-9.625598e+00,1.828295e-03,1.272472e-02,5.304442e-03,-6.168077e+00,9.933000e+01,-1.444044e+02,-2.486794e+00,-1.001934e+00,-8.123794e-01,5.813551e-01,4.545426e-02,-5.815129e-01,-8.134624e-01,1.103248e-02,4.338912e-02,-1.746968e-02,9.989055e-01,2.022943e-02,1.735168e-01,4.945676e-01,-1.406278e-01,-5.721481e-02,-9.629114e+00,
2.468947e-02,-7.229669e-02,2.469320e+00,-2.702884e-01,1.263996e-01,-9.641178e+00,1.919552e-03,1.225298e-02,5.430411e-03,-6.167170e+00,9.933000e+01,-1.443904e+02,-2.451919e+00,-1.014214e+00,-8.122593e-01,5.815517e-01,4.508190e-02,-5.817255e-01,-8.133172e-01,1.051518e-02,4.278100e-02,-1.768424e-02,9.989280e-01,1.969846e-02,1.740258e-01,4.946686e-01,-1.415904e-01,-4.694803e-02,-9.644641e+00,
2.570450e-02,-7.124891e-02,2.469361e+00,-2.595786e-01,1.180070e-01,-9.648760e+00,2.346130e-03,1.230701e-02,5.281521e-03,-6.167877e+00,9.933000e+01,-1.443774e+02,-2.416901e+00,-1.023551e+00,-8.121479e-01,5.817387e-01,4.467802e-02,-5.819258e-01,-8.131800e-01,1.003733e-02,4.217037e-02,-1.784750e-02,9.989510e-01,1.942103e-02,1.735170e-01,4.947736e-01,-1.516221e-01,-4.175317e-02,-9.651690e+00,
2.467318e-02,-7.443549e-02,2.469327e+00,-2.473555e-01,1.276804e-01,-9.649148e+00,2.318193e-03,1.530103e-02,4.880235e-03,-6.168087e+00,9.933000e+01,-1.443669e+02,-2.364551e+00,-1.033394e+00,-8.120723e-01,5.818932e-01,4.403430e-02,-5.820967e-01,-8.130656e-01,9.374084e-03,4.125749e-02,-1.801979e-02,9.989861e-01,1.888080e-02,1.737888e-01,4.948989e-01,-1.497266e-01,-5.027964e-02,-9.651871e+00,
2.369026e-02,-7.120490e-02,2.469261e+00,-2.350762e-01,1.344783e-01,-9.637771e+00,2.637365e-03,1.273055e-02,5.148795e-03,-6.166878e+00,9.934200e+01,-1.443546e+02,-2.326685e+00,-1.042028e+00,-8.119692e-01,5.820709e-01,4.358348e-02,-5.822868e-01,-8.129351e-01,8.876262e-03,4.059715e-02,-1.817083e-02,9.990104e-01,1.912596e-02,1.731547e-01,4.949645e-01,-1.508970e-01,-5.798777e-02,-9.640220e+00,
2.467278e-02,-7.443729e-02,2.469343e+00,-2.252654e-01,1.270143e-01,-9.637381e+00,2.880966e-03,1.234520e-02,4.779924e-03,-6.165898e+00,9.933501e+01,-1.443444e+02,-2.291126e+00,-1.048873e+00,-8.118858e-01,5.822198e-01,4.314768e-02,-5.824460e-01,-8.128258e-01,8.425510e-03,3.997704e-02,-1.829064e-02,9.990333e-01,1.837687e-02,1.733180e-01,4.950862e-01,-1.589906e-01,-5.323539e-02,-9.639393e+00,
2.369853e-02,-7.013585e-02,2.469268e+00,-2.205809e-01,1.290002e-01,-9.650374e+00,3.138486e-03,1.216452e-02,5.035880e-03,-6.166172e+00,9.934601e+01,-1.443327e+02,-2.256671e+00,-1.054121e+00,-8.117864e-01,5.823904e-01,4.271122e-02,-5.826254e-01,-8.127013e-01,8.009577e-03,3.937617e-02,-1.838258e-02,9.990554e-01,1.874670e-02,1.725598e-01,4.951313e-01,-1.579862e-01,-5.361796e-02,-9.652315e+00,
2.066080e-02,-7.220793e-02,2.469112e+00,-2.147639e-01,1.517019e-01,-9.621375e+00,3.349996e-03,1.424831e-02,4.818038e-03,-6.165640e+00,9.933000e+01,-1.443224e+02,-2.209781e+00,-1.059861e+00,-8.117078e-01,5.825443e-01,4.210396e-02,-5.827897e-01,-8.125889e-01,7.458973e-03,3.855839e-02,-1.848325e-02,9.990854e-01,1.865190e-02,1.729367e-01,4.951948e-01,-1.423994e-01,-6.987465e-02,-9.623660e+00,
2.272377e-02,-6.583593e-02,2.469198e+00,-2.050334e-01,1.588953e-01,-9.596204e+00,3.674919e-03,1.365085e-02,5.057632e-03,-6.165226e+00,9.933501e+01,-1.443107e+02,-2.166175e+00,-1.064447e+00,-8.116120e-01,5.827190e-01,4.153150e-02,-5.829731e-01,-8.124618e-01,6.958973e-03,3.779788e-02,-1.856376e-02,9.991131e-01,1.871850e-02,1.714872e-01,4.953019e-01,-1.395459e-01,-7.634711e-02,-9.598392e+00,
2.068541e-02,-6.899885e-02,2.469090e+00,-2.075566e-01,1.469224e-01,-9.600123e+00,4.179302e-03,1.472673e-02,4.799475e-03,-6.165937e+00,9.933000e+01,-1.443006e+02,-2.116634e+00,-1.065035e+00,-8.115354e-01,5.828749e-01,4.083470e-02,-5.831350e-01,-8.123497e-01,6.453846e-03,3.693384e-02,-1.857462e-02,9.991451e-01,1.830698e-02,1.719439e-01,4.953793e-01,-1.379412e-01,-6.027658e-02,-9.602311e+00,
2.064499e-02,-7.434563e-02,2.469108e+00,-2.037807e-01,1.585301e-01,-9.589565e+00,4.605527e-03,1.406875e-02,4.548734e-03,-6.166400e+00,9.934200e+01,-1.442918e+02,-2.070678e+00,-1.063943e+00,-8.114699e-01,5.830119e-01,4.017184e-02,-5.832762e-01,-8.122517e-01,6.007821e-03,3.613228e-02,-1.855611e-02,9.991748e-01,1.737176e-02,1.725447e-01,4.954908e-01,-1.274437e-01,-6.751831e-02,-9.591956e+00,
2.365817e-02,-7.548172e-02,2.469270e+00,-1.965769e-01,1.731246e-01,-9.561971e+00,4.868859e-03,1.556784e-02,4.571987e-03,-6.168618e+00,9.933000e+01,-1.442830e+02,-2.016002e+00,-1.062853e+00,-8.114083e-01,5.831513e-01,3.938567e-02,-5.834203e-01,-8.121521e-01,5.472777e-03,3.517861e-02,-1.853774e-02,9.992092e-01,1.637189e-02,1.721219e-01,4.956521e-01,-1.161427e-01,-7.824704e-02,-9.564533e+00,
2.167649e-02,-7.115831e-02,2.469131e+00,-2.056936e-01,1.664806e-01,-9.538711e+00,5.661774e-03,1.278362e-02,4.385031e-03,-6.168698e+00,9.934200e+01,-1.442751e+02,-1.977297e+00,-1.056721e+00,-8.113461e-01,5.832787e-01,3.877451e-02,-5.835469e-01,-8.120629e-01,5.171045e-03,3.450350e-02,-1.843124e-02,9.992346e-01,1.682105e-02,1.715282e-01,4.956608e-01,-1.058655e-01,-6.448591e-02,-9.541574e+00,
1.764806e-02,-7.106882e-02,2.468917e+00,-2.077273e-01,1.570471e-01,-9.558646e+00,5.730442e-03,1.417617e-02,4.532768e-03,-6.167982e+00,9.934200e+01,-1.442803e+02,-1.930867e+00,-1.048771e+00,-8.114223e-01,5.832214e-01,3.803664e-02,-5.834885e-01,-8.121073e-01,4.807413e-03,3.369362e-02,-1.829310e-02,9.992648e-01,1.709354e-02,1.717768e-01,4.956688e-01,-1.034310e-01,-5.228500e-02,-9.561491e+00,
1.969454e-02,-6.683674e-02,2.469020e+00,-2.049917e-01,1.594595e-01,-9.553345e+00,6.328292e-03,1.456465e-02,4.715039e-03,-6.166984e+00,9.934200e+01,-1.443361e+02,-1.882017e+00,-1.037823e+00,-8.120126e-01,5.824509e-01,3.723782e-02,-5.827153e-01,-8.126644e-01,4.428950e-03,3.284149e-02,-1.810268e-02,9.992967e-01,1.701297e-02,1.707186e-01,4.957589e-01,-9.641251e-02,-5.244656e-02,-9.556245e+00,
1.971097e-02,-6.469656e-02,2.469002e+00,-1.999848e-01,1.770823e-01,-9.541060e+00,6.530564e-03,1.370721e-02,4.525573e-03,-6.167418e+00,9.933000e+01,-1.443829e+02,-1.837888e+00,-1.028060e+00,-8.125091e-01,5.818039e-01,3.651658e-02,-5.820658e-01,-8.131315e-01,4.088838e-03,3.207169e-02,-1.793284e-02,9.993247e-01,1.702379e-02,1.702215e-01,4.958135e-01,-8.289024e-02,-6.659874e-02,-9.544207e+00,
