MagX, MagY, MagZ, AccX, AccY, AccZ, GyroX, GyroY, GyroZ, Temp, Pres, Yaw, Pitch, Roll, DCM1, DCM2, DCM3, DCM4, DCM5, DCM6, DCM7, DCM8, DCM9, MagNED1, MagNED2, MagNED3, AccNED1, AccNED2, ACCNED3, 
6.318402e-02,-4.344213e-02,2.474336e+00,-1.833650e-01,4.161426e-02,-9.488936e+00,1.225176e-02,4.210330e-03,4.083054e-03,-5.811091e+00,9.931001e+01,-1.527341e+02,-1.701773e+00,-4.980817e-01,-8.884981e-01,4.578738e-01,3.037899e-02,-4.579185e-01,-8.889748e-01,5.877201e-03,2.969717e-02,-8.689221e-03,9.995211e-01,3.360366e-02,1.599963e-01,4.944227e-01,-1.062908e-01,-8.796189e-03,-9.490199e+00,
6.224101e-02,-3.485285e-02,2.474235e+00,-1.890326e-01,2.315819e-02,-9.540508e+00,1.217599e-02,1.524148e-03,3.758895e-03,-5.810946e+00,9.931600e+01,-1.527215e+02,-1.733478e+00,-4.510294e-01,-8.883829e-01,4.580895e-01,3.049310e-02,-4.581056e-01,-8.888713e-01,6.867304e-03,3.025028e-02,-7.868266e-03,9.995114e-01,3.451577e-02,1.591403e-01,4.942244e-01,-1.123779e-01,4.946738e-04,-9.541747e+00,
6.320854e-02,-4.022909e-02,2.474314e+00,-2.046920e-01,-6.879599e-03,-9.611298e+00,1.164027e-02,3.319962e-03,4.014382e-03,-5.811865e+00,9.931600e+01,-1.527076e+02,-1.757689e+00,-4.078420e-01,-8.882604e-01,4.583253e-01,3.052131e-02,-4.583151e-01,-8.887562e-01,7.738273e-03,3.067265e-02,-7.114776e-03,9.995043e-01,3.386587e-02,1.603887e-01,4.941133e-01,-1.146827e-01,2.555288e-02,-9.612762e+00,
0.000000e+00,
6.522510e-02,-4.027523e-02,2.474436e+00,-2.204444e-01,-3.720623e-02,-9.698752e+00,1.077230e-02,3.460329e-03,3.613655e-03,-5.809464e+00,9.931600e+01,-1.526834e+02,-1.809734e+00,-3.330454e-01,-8.880413e-01,4.587361e-01,3.072586e-02,-4.586781e-01,-8.885536e-01,9.327796e-03,3.158056e-02,-5.809808e-03,9.994844e-01,3.355540e-02,1.610175e-01,4.938877e-01,-1.193066e-01,4.370473e-02,-9.700498e+00,
6.621693e-02,-4.243974e-02,2.474506e+00,-2.315726e-01,-4.362583e-02,-9.715417e+00,1.018366e-02,1.659942e-03,3.827718e-03,-5.809920e+00,9.931600e+01,-1.526705e+02,-1.845006e+00,-2.999474e-01,-8.879210e-01,4.589502e-01,3.100525e-02,-4.588682e-01,-8.884467e-01,1.013040e-02,3.219586e-02,-5.232332e-03,9.994680e-01,3.330462e-02,1.616938e-01,4.937711e-01,-1.156329e-01,4.659948e-02,-9.717475e+00,
6.320025e-02,-4.130057e-02,2.474324e+00,-2.508591e-01,-5.994117e-02,-9.762729e+00,9.217720e-03,2.278654e-03,3.549137e-03,-5.810451e+00,9.931100e+01,-1.526593e+02,-1.876667e+00,-2.714744e-01,-8.878153e-01,4.591368e-01,3.126571e-02,-4.590334e-01,-8.883530e-01,1.083158e-02,3.274817e-02,-4.735563e-03,9.994525e-01,3.399914e-02,1.621134e-01,4.935964e-01,-1.100433e-01,6.265581e-02,-9.765316e+00,
6.317613e-02,-4.451263e-02,2.474339e+00,-2.607575e-01,-6.910072e-02,-9.790524e+00,8.182760e-03,2.649318e-03,3.440087e-03,-5.810974e+00,9.931600e+01,-1.526488e+02,-1.905933e+00,-2.478880e-01,-8.877160e-01,4.593109e-01,3.152807e-02,-4.591888e-01,-8.882652e-01,1.143753e-02,3.325867e-02,-4.324056e-03,9.994375e-01,3.382530e-02,1.629532e-01,4.934951e-01,-1.089364e-01,6.913727e-02,-9.793390e+00,
6.424925e-02,-3.596913e-02,2.474357e+00,-2.695005e-01,-6.749246e-02,-9.803156e+00,7.591589e-03,3.232916e-03,3.278485e-03,-5.810733e+00,9.931600e+01,-1.526393e+02,-1.931600e+00,-2.266441e-01,-8.876260e-01,4.594692e-01,3.175345e-02,-4.593301e-01,-8.881850e-01,1.197789e-02,3.370640e-02,-3.953428e-03,9.994240e-01,3.446575e-02,1.617086e-01,4.934039e-01,-1.030791e-01,6.631432e-02,-9.806326e+00,
6.420054e-02,-4.239520e-02,2.474400e+00,-2.871750e-01,-7.973074e-02,-9.838449e+00,6.717246e-03,2.818928e-03,3.092821e-03,-5.810035e+00,9.931600e+01,-1.526308e+02,-1.959999e+00,-2.089908e-01,-8.875433e-01,4.596084e-01,3.204998e-02,-4.594533e-01,-8.881143e-01,1.248394e-02,3.420177e-02,-3.645436e-03,9.994083e-01,3.404226e-02,1.630354e-01,4.933246e-01,-9.708677e-02,7.993093e-02,-9.842159e+00,
6.521685e-02,-4.134410e-02,2.474418e+00,-3.097928e-01,-8.520795e-02,-9.858659e+00,5.877070e-03,2.393867e-03,3.221357e-03,-5.811444e+00,9.931600e+01,-1.526216e+02,-1.991527e+00,-1.951363e-01,-8.874529e-01,4.597566e-01,3.242515e-02,-4.595867e-01,-8.880386e-01,1.295670e-02,3.475171e-02,-3.403708e-03,9.993902e-01,3.412264e-02,1.630094e-01,4.932449e-01,-8.391687e-02,9.030895e-02,-9.863124e+00,
6.420857e-02,-4.132081e-02,2.474350e+00,-3.227285e-01,-7.980664e-02,-9.872894e+00,4.723974e-03,1.577274e-03,2.530285e-03,-5.813345e+00,9.932700e+01,-1.526164e+02,-2.028095e+00,-1.888976e-01,-8.873910e-01,4.598393e-01,3.294026e-02,-4.596573e-01,-8.879961e-01,1.334972e-02,3.538955e-02,-3.294814e-03,9.993683e-01,3.453128e-02,1.632879e-01,4.931441e-01,-7.552756e-02,8.741219e-02,-9.877815e+00,
6.725805e-02,-3.817593e-02,2.474502e+00,-3.340498e-01,-7.356219e-02,-9.871046e+00,3.932975e-03,4.308816e-03,3.169406e-03,-5.814546e+00,9.931100e+01,-1.526075e+02,-2.049446e+00,-1.883977e-01,-8.873081e-01,4.599760e-01,3.326483e-02,-4.597886e-01,-8.879253e-01,1.353390e-02,3.576195e-02,-3.286051e-03,9.993550e-01,3.443203e-02,1.625957e-01,4.931504e-01,-6.579044e-02,8.531626e-02,-9.876383e+00,
6.624162e-02,-3.922412e-02,2.474450e+00,-3.451438e-01,-8.112598e-02,-9.882618e+00,2.979226e-03,3.550968e-03,2.610273e-03,-5.814602e+00,9.931600e+01,-1.526019e+02,-2.075455e+00,-1.920597e-01,-8.872485e-01,4.600598e-01,3.369568e-02,-4.598683e-01,-8.878817e-01,1.368918e-02,3.621561e-02,-3.349870e-03,9.993384e-01,3.470799e-02,1.629360e-01,4.930948e-01,-6.409600e-02,9.546605e-02,-9.888309e+00,
6.624135e-02,-3.922449e-02,2.474452e+00,-3.602084e-01,-7.856568e-02,-9.895288e+00,2.292246e-03,1.636008e-03,2.464186e-03,-5.814581e+00,9.931600e+01,-1.525859e+02,-2.112867e+00,-1.977302e-01,-8.870990e-01,4.603018e-01,3.431667e-02,-4.601044e-01,-8.877559e-01,1.391114e-02,3.686814e-02,-3.448691e-03,9.993142e-01,3.497145e-02,1.630506e-01,4.930388e-01,-5.619675e-02,9.782586e-02,-9.901512e+00,
6.622528e-02,-4.136575e-02,2.474458e+00,-3.668127e-01,-6.253409e-02,-9.871279e+00,1.391711e-03,4.091092e-03,2.098482e-03,-5.814161e+00,9.930501e+01,-1.525365e+02,-2.135606e+00,-2.065340e-01,-8.866884e-01,4.610617e-01,3.472737e-02,-4.608636e-01,-8.873609e-01,1.398732e-02,3.726473e-02,-3.602188e-03,9.992990e-01,3.485775e-02,1.634611e-01,4.930188e-01,-4.638708e-02,8.646819e-02,-9.877803e+00,
6.924994e-02,-4.143316e-02,2.474622e+00,-3.772172e-01,-5.004672e-02,-9.865196e+00,5.953732e-04,3.144224e-03,2.027412e-03,-5.815770e+00,9.931600e+01,-1.524940e+02,-2.164480e+00,-2.188177e-01,-8.863300e-01,4.617096e-01,3.526266e-02,-4.615114e-01,-8.870230e-01,1.405544e-02,3.776832e-02,-3.816356e-03,9.992793e-01,3.449988e-02,1.632577e-01,4.930450e-01,-3.664121e-02,7.982290e-02,-9.872143e+00,
6.721744e-02,-4.352991e-02,2.474530e+00,-3.896911e-01,-4.532431e-02,-9.857341e+00,-1.062050e-04,4.329675e-03,1.894351e-03,-5.814336e+00,9.931600e+01,-1.524352e+02,-2.187409e+00,-2.352289e-01,-8.858422e-01,4.626085e-01,3.573522e-02,-4.624141e-01,-8.865532e-01,1.402276e-02,3.816823e-02,-4.102515e-03,9.992629e-01,3.472930e-02,1.637832e-01,4.930091e-01,-2.801681e-02,8.215392e-02,-9.864762e+00,
6.522505e-02,-4.027201e-02,2.474394e+00,-3.954974e-01,-3.098757e-02,-9.834732e+00,-7.264773e-04,5.290435e-03,1.579220e-03,-5.815135e+00,9.929401e+01,-1.523859e+02,-2.205730e+00,-2.568688e-01,-8.854332e-01,4.633564e-01,3.618127e-02,-4.631705e-01,-8.861609e-01,1.386692e-02,3.848775e-02,-4.479870e-03,9.992491e-01,3.542937e-02,1.633522e-01,4.929811e-01,-2.000490e-02,7.426530e-02,-9.842430e+00,
6.721733e-02,-4.352956e-02,2.474526e+00,-4.030400e-01,-5.571031e-03,-9.804321e+00,-1.341401e-03,3.310011e-03,1.730670e-03,-5.814396e+00,9.931600e+01,-1.523294e+02,-2.236689e+00,-2.830867e-01,-8.849570e-01,4.642119e-01,3.685817e-02,-4.640345e-01,-8.857105e-01,1.374807e-02,3.902768e-02,-4.937012e-03,9.992260e-01,3.499859e-02,1.636784e-01,4.930242e-01,-7.282406e-03,5.716830e-02,-9.812435e+00,
6.724159e-02,-4.031721e-02,2.474507e+00,-4.074869e-01,2.027392e-03,-9.779696e+00,-1.712156e-03,4.688247e-03,1.323727e-03,-5.814897e+00,9.930000e+01,-1.522858e+02,-2.259350e+00,-3.118922e-01,-8.845900e-01,4.648650e-01,3.743127e-02,-4.647003e-01,-8.853649e-01,1.351477e-02,3.942287e-02,-5.439288e-03,9.992079e-01,3.544086e-02,1.630404e-01,4.930397e-01,-4.665077e-03,5.539393e-02,-9.788024e+00,
6.722523e-02,-4.245844e-02,2.474514e+00,-4.218197e-01,1.538108e-02,-9.748908e+00,-1.758698e-03,6.882775e-03,1.160481e-03,-5.815277e+00,9.931600e+01,-1.522402e+02,-2.270935e+00,-3.444843e-01,-8.842128e-01,4.655469e-01,3.786411e-02,-4.654004e-01,-8.850028e-01,1.313524e-02,3.962491e-02,-6.007627e-03,9.991965e-01,3.534944e-02,1.632228e-01,4.930941e-01,1.100522e-02,5.464852e-02,-9.757882e+00,
6.719296e-02,-4.674226e-02,2.474543e+00,-4.285665e-01,3.936393e-02,-9.713358e+00,-2.201892e-03,5.253256e-03,1.154991e-03,-5.815042e+00,9.931100e+01,-1.521935e+02,-2.292704e+00,-3.849680e-01,-8.838201e-01,4.662386e-01,3.851864e-02,-4.661134e-01,-8.846336e-01,1.271811e-02,4.000455e-02,-6.713531e-03,9.991770e-01,3.518037e-02,1.637433e-01,4.931543e-01,2.298334e-02,4.140235e-02,-9.722774e+00,
6.620095e-02,-4.457876e-02,2.474487e+00,-4.367200e-01,5.383180e-02,-9.677446e+00,-2.450564e-03,6.739348e-03,1.039849e-03,-5.813422e+00,9.931100e+01,-1.521384e+02,-2.306276e+00,-4.267895e-01,-8.833629e-01,4.670594e-01,3.905656e-02,-4.669589e-01,-8.841946e-01,1.222037e-02,4.024124e-02,-7.442781e-03,9.991623e-01,3.565228e-02,1.632407e-01,4.932013e-01,3.295708e-02,3.807043e-02,-9.687315e+00,
6.419235e-02,-4.346244e-02,2.474362e+00,-4.428272e-01,6.240509e-02,-9.653422e+00,-2.104989e-03,5.462606e-03,8.729083e-04,-5.813523e+00,9.930000e+01,-1.520872e+02,-2.324612e+00,-4.659592e-01,-8.829343e-01,4.678198e-01,3.964802e-02,-4.677416e-01,-8.837866e-01,1.180075e-02,4.056101e-02,-8.125741e-03,9.991441e-01,3.623759e-02,1.630386e-01,4.932136e-01,3.744254e-02,3.805827e-02,-9.663630e+00,
6.716839e-02,-4.995558e-02,2.474572e+00,-4.562652e-01,8.665121e-02,-9.629642e+00,-2.384427e-03,7.695351e-03,1.077636e-03,-5.813356e+00,9.931600e+01,-1.520370e+02,-2.331027e+00,-5.078019e-01,-8.825193e-01,4.685651e-01,4.007865e-02,-4.685139e-01,-8.833845e-01,1.124286e-02,4.067287e-02,-8.855365e-03,9.991332e-01,3.525588e-02,1.635915e-01,4.933668e-01,5.732152e-02,2.895556e-02,-9.640621e+00,
6.622526e-02,-4.136636e-02,2.474468e+00,-4.682764e-01,1.084371e-01,-9.587771e+00,-2.100999e-03,5.889893e-03,5.284609e-04,-5.813300e+00,9.931600e+01,-1.519926e+02,-2.349820e+00,-5.495639e-01,-8.821448e-01,4.692164e-01,4.070129e-02,-4.691904e-01,-8.830312e-01,1.078413e-02,4.100060e-02,-9.583489e-03,9.991133e-01,3.635636e-02,1.620375e-01,4.933822e-01,7.373342e-02,2.056161e-02,-9.599508e+00,
6.518430e-02,-4.562890e-02,2.474458e+00,-4.745757e-01,1.283801e-01,-9.539379e+00,-1.742279e-03,4.025884e-03,5.167371e-04,-5.811816e+00,9.931600e+01,-1.519339e+02,-2.381990e+00,-5.916707e-01,-8.816428e-01,4.700867e-01,4.153069e-02,-4.700840e-01,-8.825601e-01,1.044121e-02,4.156160e-02,-1.031750e-02,9.990828e-01,3.640635e-02,1.626811e-01,4.934121e-01,8.257902e-02,1.018471e-02,-9.551679e+00,
6.718457e-02,-4.781737e-02,2.474599e+00,-4.968078e-01,1.299193e-01,-9.524214e+00,-1.455506e-03,8.900507e-03,3.272057e-04,-5.809487e+00,9.931600e+01,-1.518912e+02,-2.388672e+00,-6.329702e-01,-8.812884e-01,4.707122e-01,4.196499e-02,-4.707378e-01,-8.822179e-01,9.891101e-03,4.167812e-02,-1.103759e-02,9.990703e-01,3.598592e-02,1.626064e-01,4.935370e-01,9.930199e-02,2.504409e-02,-9.537499e+00,
6.414361e-02,-4.989156e-02,2.474446e+00,-5.042254e-01,1.433069e-01,-9.484398e+00,-8.767552e-04,8.952665e-03,3.816745e-04,-5.808015e+00,9.932700e+01,-1.518397e+02,-2.393506e+00,-6.705204e-01,-8.808618e-01,4.714762e-01,4.233940e-02,-4.715277e-01,-8.818012e-01,9.390675e-03,4.176242e-02,-1.169231e-02,9.990591e-01,3.635105e-02,1.629837e-01,4.935625e-01,1.101550e-01,2.232316e-02,-9.498208e+00,
6.511921e-02,-5.419698e-02,2.474518e+00,-5.137982e-01,1.579680e-01,-9.447310e+00,-4.040562e-04,8.179479e-03,2.633519e-04,-5.807706e+00,9.931600e+01,-1.517949e+02,-2.400915e+00,-7.048020e-01,-8.804880e-01,4.721390e-01,4.272839e-02,-4.722140e-01,-8.814384e-01,8.957461e-03,4.189162e-02,-1.229001e-02,9.990466e-01,3.588189e-02,1.634064e-01,4.936550e-01,1.233076e-01,1.875973e-02,-9.461768e+00,
6.211876e-02,-5.091752e-02,2.474346e+00,-5.187152e-01,1.721722e-01,-9.436406e+00,9.776785e-05,9.112074e-03,2.673792e-04,-5.807883e+00,9.931600e+01,-1.517436e+02,-2.402557e+00,-7.361742e-01,-8.800634e-01,4.729050e-01,4.300451e-02,-4.730023e-01,-8.810199e-01,8.526904e-03,4.192024e-02,-1.283702e-02,9.990385e-01,3.666376e-02,1.629307e-01,4.936577e-01,1.321153e-01,1.320305e-02,-9.451287e+00,
6.619266e-02,-4.565348e-02,2.474535e+00,-5.259725e-01,1.775652e-01,-9.423331e+00,9.569632e-04,1.074102e-02,3.363319e-04,-5.808238e+00,9.931600e+01,-1.516982e+02,-2.393247e+00,-7.610561e-01,-8.796944e-01,4.735858e-01,4.306048e-02,-4.737025e-01,-8.806477e-01,8.101558e-03,4.175790e-02,-1.327096e-02,9.990396e-01,3.636565e-02,1.615020e-01,4.937844e-01,1.410143e-01,1.643841e-02,-9.438601e+00,
6.413516e-02,-5.096270e-02,2.474452e+00,-5.291035e-01,1.840738e-01,-9.403656e+00,1.663943e-03,1.097732e-02,2.116125e-04,-5.807685e+00,9.931600e+01,-1.516606e+02,-2.382485e+00,-7.817311e-01,-8.793900e-01,4.741508e-01,4.306110e-02,-4.742838e-01,-8.803381e-01,7.723099e-03,4.157024e-02,-1.363157e-02,9.990426e-01,3.613149e-02,1.623834e-01,4.938317e-01,1.476353e-01,1.627275e-02,-9.419157e+00,
6.211901e-02,-5.091650e-02,2.474333e+00,-5.316238e-01,1.959904e-01,-9.388801e+00,2.624677e-03,1.178967e-02,6.730230e-04,-5.808164e+00,9.931600e+01,-1.516105e+02,-2.368088e+00,-7.978849e-01,-8.789843e-01,4.749109e-01,4.296738e-02,-4.750571e-01,-8.799239e-01,7.393287e-03,4.131917e-02,-1.391338e-02,9.990491e-01,3.628376e-02,1.624049e-01,4.938565e-01,1.569548e-01,1.068092e-02,-9.404566e+00,
6.414354e-02,-4.989020e-02,2.474434e+00,-5.351692e-01,1.903958e-01,-9.383357e+00,3.391040e-03,1.152902e-02,2.830811e-04,-5.808986e+00,9.931600e+01,-1.515830e+02,-2.356927e+00,-8.105748e-01,-8.787632e-01,4.753263e-01,4.289793e-02,-4.754830e-01,-8.796961e-01,7.126463e-03,4.112453e-02,-1.413476e-02,9.990541e-01,3.593342e-02,1.619305e-01,4.939373e-01,1.582605e-01,2.010330e-02,-9.399181e+00,
6.020797e-02,-3.695024e-02,2.474148e+00,-5.334039e-01,1.886986e-01,-9.390484e+00,4.116721e-03,1.237985e-02,4.186232e-04,-5.809543e+00,9.932101e+01,-1.515456e+02,-2.343786e+00,-8.210285e-01,-8.784613e-01,4.758947e-01,4.277865e-02,-4.760602e-01,-8.793858e-01,6.884813e-03,4.089538e-02,-1.431717e-02,9.990609e-01,3.757239e-02,1.600384e-01,4.938667e-01,1.566631e-01,2.334179e-02,-9.406180e+00,
6.311896e-02,-5.200786e-02,2.474366e+00,-5.260283e-01,1.957092e-01,-9.376718e+00,4.737589e-03,1.077448e-02,5.622239e-04,-5.811195e+00,9.931100e+01,-1.515160e+02,-2.341165e+00,-8.291566e-01,-8.782165e-01,4.763442e-01,4.280248e-02,-4.765157e-01,-8.791400e-01,6.760431e-03,4.084967e-02,-1.445893e-02,9.990607e-01,3.568213e-02,1.622068e-01,4.939930e-01,1.538449e-01,1.521431e-02,-9.392228e+00,
6.010224e-02,-5.086967e-02,2.474193e+00,-5.212553e-01,1.923078e-01,-9.385500e+00,5.604100e-03,1.203078e-02,3.787331e-04,-5.811781e+00,9.932700e+01,-1.514890e+02,-2.329966e+00,-8.313326e-01,-8.779989e-01,4.767594e-01,4.264581e-02,-4.769333e-01,-8.789145e-01,6.654008e-03,4.065437e-02,-1.449699e-02,9.990683e-01,3.612684e-02,1.622430e-01,4.939605e-01,1.490940e-01,1.713071e-02,-9.400735e+00,
6.112693e-02,-4.875131e-02,2.474254e+00,-5.257792e-01,1.814494e-01,-9.414189e+00,6.189366e-03,1.325388e-02,3.741310e-05,-5.809837e+00,9.931600e+01,-1.514662e+02,-2.312746e+00,-8.304082e-01,-8.778197e-01,4.771135e-01,4.237165e-02,-4.772884e-01,-8.787224e-01,6.541725e-03,4.035407e-02,-1.448105e-02,9.990805e-01,3.594926e-02,1.617529e-01,4.940047e-01,1.492165e-01,2.991960e-02,-9.429379e+00,
6.215116e-02,-4.663200e-02,2.474290e+00,-5.144434e-01,1.800019e-01,-9.436240e+00,7.021255e-03,1.338993e-02,7.174095e-05,-5.810730e+00,9.930501e+01,-1.514393e+02,-2.295531e+00,-8.253033e-01,-8.776067e-01,4.775324e-01,4.206239e-02,-4.777051e-01,-8.784963e-01,6.496316e-03,4.005385e-02,-1.439221e-02,9.990939e-01,3.574305e-02,1.612969e-01,4.940349e-01,1.405250e-01,2.632041e-02,-9.450887e+00,
6.212699e-02,-4.984470e-02,2.474313e+00,-4.989708e-01,1.729712e-01,-9.460288e+00,7.640960e-03,1.308691e-02,1.747870e-04,-5.810865e+00,9.931600e+01,-1.514214e+02,-2.280401e+00,-8.166512e-01,-8.774668e-01,4.778165e-01,4.175651e-02,-4.779842e-01,-8.783443e-01,6.515884e-03,3.978999e-02,-1.424148e-02,9.991066e-01,3.525789e-02,1.618424e-01,4.940575e-01,1.254501e-01,2.492983e-02,-9.474154e+00,
6.011021e-02,-4.979986e-02,2.474204e+00,-4.822516e-01,1.560090e-01,-9.494376e+00,8.180412e-03,1.299447e-02,2.684091e-04,-5.809922e+00,9.931600e+01,-1.514024e+02,-2.264268e+00,-8.034450e-01,-8.773172e-01,4.781220e-01,4.139714e-02,-4.782818e-01,-8.781816e-01,6.597553e-03,3.950864e-02,-1.401135e-02,9.991209e-01,3.536072e-02,1.620611e-01,4.940235e-01,1.046388e-01,3.100826e-02,-9.507269e+00,
5.911018e-02,-4.870748e-02,2.474158e+00,-4.713410e-01,1.376765e-01,-9.531703e+00,8.704116e-03,1.469093e-02,1.920501e-04,-5.808540e+00,9.931600e+01,-1.513914e+02,-2.236259e+00,-7.845076e-01,-8.772424e-01,4.783100e-01,4.080899e-02,-4.784592e-01,-8.780845e-01,6.661842e-03,3.902017e-02,-1.368139e-02,9.991448e-01,3.529942e-02,1.620058e-01,4.940165e-01,9.035313e-02,4.112717e-02,-9.543826e+00,
6.111862e-02,-4.982378e-02,2.474275e+00,-4.435549e-01,1.329564e-01,-9.570030e+00,8.897850e-03,1.355651e-02,2.840264e-04,-5.808036e+00,9.931600e+01,-1.513841e+02,-2.212506e+00,-7.637886e-01,-8.771955e-01,4.784417e-01,4.027152e-02,-4.785789e-01,-8.780184e-01,6.786177e-03,3.860592e-02,-1.332030e-02,9.991658e-01,3.458173e-02,1.620731e-01,4.940554e-01,6.729662e-02,3.059396e-02,-9.580942e+00,
6.111882e-02,-4.982211e-02,2.474260e+00,-4.250357e-01,1.256372e-01,-9.596507e+00,9.404904e-03,1.357213e-02,-2.911702e-05,-5.809529e+00,9.931600e+01,-1.513805e+02,-2.184998e+00,-7.383619e-01,-8.771817e-01,4.785199e-01,3.963764e-02,-4.786426e-01,-8.779824e-01,6.948548e-03,3.812616e-02,-1.287712e-02,9.991900e-01,3.425566e-02,1.621542e-01,4.940486e-01,5.257055e-02,2.645117e-02,-9.606558e+00,
6.114334e-02,-4.660906e-02,2.474238e+00,-3.987175e-01,1.033239e-01,-9.659316e+00,1.005602e-02,1.558623e-02,-1.988863e-04,-5.809944e+00,9.932700e+01,-1.513779e+02,-2.144425e+00,-7.080270e-01,-8.771837e-01,4.785878e-01,3.876286e-02,-4.786948e-01,-8.779530e-01,7.076217e-03,3.741855e-02,-1.234844e-02,9.992235e-01,3.409690e-02,1.616873e-01,4.940467e-01,2.477533e-02,3.179904e-02,-9.668012e+00,
5.915923e-02,-4.228007e-02,2.474092e+00,-3.699766e-01,8.807683e-02,-9.713243e+00,9.867110e-03,1.603428e-02,5.291740e-05,-5.811760e+00,9.932201e+01,-1.513882e+02,-2.099772e+00,-6.775374e-01,-8.772951e-01,4.784585e-01,3.782587e-02,-4.785507e-01,-8.780306e-01,7.163560e-03,3.663974e-02,-1.181704e-02,9.992586e-01,3.437244e-02,1.611934e-01,4.940128e-01,-6.921589e-04,3.013701e-02,-9.720638e+00,
5.811026e-02,-4.761044e-02,2.474050e+00,-3.433808e-01,8.848067e-02,-9.738090e+00,9.816193e-03,1.614781e-02,-4.338734e-04,-5.813461e+00,9.932700e+01,-1.514043e+02,-2.053170e+00,-6.465058e-01,-8.774555e-01,4.782400e-01,3.685524e-02,-4.783182e-01,-8.781568e-01,7.239520e-03,3.582691e-02,-1.127617e-02,9.992945e-01,3.362821e-02,1.621983e-01,4.940285e-01,-1.528326e-02,1.604629e-02,-9.744519e+00,
5.911040e-02,-4.870416e-02,2.474123e+00,-3.238367e-01,7.168630e-02,-9.793348e+00,9.814696e-03,1.587540e-02,-3.926037e-04,-5.812868e+00,9.932201e+01,-1.514221e+02,-2.007222e+00,-6.148265e-01,-8.776288e-01,4.779957e-01,3.588945e-02,-4.780598e-01,-8.782969e-01,7.330367e-03,3.502547e-02,-1.072396e-02,9.993290e-01,3.293478e-02,1.623292e-01,4.940668e-01,-3.300369e-02,2.006264e-02,-9.798888e+00,
5.507715e-02,-4.861279e-02,2.473881e+00,-2.986419e-01,5.776397e-02,-9.849697e+00,9.828729e-03,1.600340e-02,-6.791817e-04,-5.813909e+00,9.932700e+01,-1.514445e+02,-1.959691e+00,-5.823426e-01,-8.778406e-01,4.776802e-01,3.489332e-02,-4.777306e-01,-8.784751e-01,7.418120e-03,3.419640e-02,-1.015768e-02,9.993636e-01,3.317144e-02,1.627127e-01,4.940118e-01,-5.393592e-02,1.885995e-02,-9.854228e+00,
5.911847e-02,-4.763335e-02,2.474115e+00,-2.823646e-01,5.136234e-02,-9.874366e+00,9.650789e-03,1.550198e-02,-9.117461e-04,-5.813385e+00,9.932700e+01,-1.514726e+02,-1.915312e+00,-5.510638e-01,-8.780985e-01,4.772736e-01,3.395632e-02,-4.773113e-01,-8.787022e-01,7.510975e-03,3.342228e-02,-9.612357e-03,9.993952e-01,3.220747e-02,1.622285e-01,4.940925e-01,-6.283921e-02,1.547752e-02,-9.878325e+00,
5.811042e-02,-4.761044e-02,2.474056e+00,-2.524888e-01,4.774512e-02,-9.906562e+00,9.209220e-03,1.680515e-02,-1.209685e-03,-5.813110e+00,9.931600e+01,-1.515054e+02,-1.864214e+00,-5.231758e-01,-8.783973e-01,4.767944e-01,3.294521e-02,-4.768229e-01,-8.789675e-01,7.494157e-03,3.253094e-02,-9.126183e-03,9.994292e-01,3.196338e-02,1.622978e-01,4.941074e-01,-8.182365e-02,4.184701e-03,-9.909556e+00,
5.712657e-02,-4.437421e-02,2.473963e+00,-2.330949e-01,3.907032e-02,-9.935356e+00,9.184959e-03,1.597880e-02,-1.474061e-03,-5.814975e+00,9.932201e+01,-1.515397e+02,-1.818089e+00,-4.957652e-01,-8.787050e-01,4.762906e-01,3.201447e-02,-4.763098e-01,-8.792455e-01,7.511663e-03,3.172632e-02,-8.648272e-03,9.994592e-01,3.204603e-02,1.618517e-01,4.941027e-01,-9.464470e-02,2.041951e-03,-9.937716e+00,
5.814258e-02,-4.332634e-02,2.474009e+00,-2.144724e-01,3.141607e-02,-9.976769e+00,8.706730e-03,1.423851e-02,-1.599143e-03,-5.815303e+00,9.931600e+01,-1.515737e+02,-1.781291e+00,-4.706536e-01,-8.790051e-01,4.757875e-01,3.124588e-02,-4.757980e-01,-8.795220e-01,7.572579e-03,3.108438e-02,-8.210394e-03,9.994831e-01,3.168403e-02,1.616091e-01,4.941275e-01,-1.082633e-01,-1.135461e-03,-9.978538e+00,
5.520755e-02,-3.147899e-02,2.473786e+00,-1.947544e-01,2.397116e-02,-1.001277e+01,8.212895e-03,1.540475e-02,-1.644782e-03,-5.815972e+00,9.932700e+01,-1.516199e+02,-1.736787e+00,-4.476571e-01,-8.794101e-01,4.750950e-01,3.037827e-02,-4.750994e-01,-8.799000e-01,7.531494e-03,3.030801e-02,-7.809424e-03,9.995102e-01,3.291820e-02,1.598829e-01,4.940820e-01,-1.215129e-01,-3.975585e-03,-1.001395e+01,
5.511811e-02,-4.325693e-02,2.473832e+00,-1.650355e-01,1.714678e-02,-1.003658e+01,7.779581e-03,1.735297e-02,-1.977835e-03,-5.817384e+00,9.932700e+01,-1.516671e+02,-1.679387e+00,-4.259355e-01,-8.798268e-01,4.743888e-01,2.932323e-02,-4.743898e-01,-8.802840e-01,7.365003e-03,2.930665e-02,-7.430716e-03,9.995428e-01,3.149106e-02,1.617374e-01,4.941640e-01,-1.409680e-01,-1.072231e-02,-1.003695e+01,
5.510179e-02,-4.539912e-02,2.473852e+00,-1.483617e-01,1.313973e-02,-1.006312e+01,7.795773e-03,1.682001e-02,-2.194545e-03,-5.816834e+00,9.932201e+01,-1.517187e+02,-1.623001e+00,-4.026304e-01,-8.802789e-01,4.736136e-01,2.827094e-02,-4.736105e-01,-8.807048e-01,7.230735e-03,2.832292e-02,-7.024350e-03,9.995742e-01,3.092398e-02,1.620110e-01,4.942212e-01,-1.476712e-01,-1.407038e-02,-1.006313e+01,
5.612634e-02,-4.328144e-02,2.473909e+00,-1.303312e-01,1.173359e-02,-1.008420e+01,7.185029e-03,1.517638e-02,-2.495144e-03,-5.815272e+00,9.932700e+01,-1.517766e+02,-1.575188e+00,-3.821743e-01,-8.807777e-01,4.727382e-01,2.737448e-02,-4.727316e-01,-8.811778e-01,7.122283e-03,2.748876e-02,-6.667632e-03,9.996001e-01,3.065808e-02,1.614998e-01,4.942754e-01,-1.557099e-01,-2.055021e-02,-1.008383e+01,
5.516665e-02,-3.683451e-02,2.473827e+00,-1.149733e-01,1.301557e-02,-1.008788e+01,6.621485e-03,1.603263e-02,-2.679622e-03,-5.814174e+00,9.932700e+01,-1.518342e+02,-1.522580e+00,-3.650853e-01,-8.812742e-01,4.718657e-01,2.643173e-02,-4.718578e-01,-8.816475e-01,6.924487e-03,2.657090e-02,-6.369649e-03,9.996267e-01,3.107772e-02,1.604042e-01,4.943042e-01,-1.591755e-01,-2.707750e-02,-1.008725e+01,
5.408568e-02,-4.644699e-02,2.473800e+00,-1.002573e-01,1.689859e-02,-1.010345e+01,6.477835e-03,1.511524e-02,-2.944026e-03,-5.815281e+00,9.931100e+01,-1.518974e+02,-1.475026e+00,-3.489121e-01,-8.818130e-01,4.709054e-01,2.557457e-02,-4.708964e-01,-8.821628e-01,6.753542e-03,2.574121e-02,-6.087610e-03,9.996502e-01,3.015579e-02,1.619848e-01,4.943544e-01,-1.620257e-01,-3.593062e-02,-1.010260e+01,
5.614247e-02,-4.113860e-02,2.473883e+00,-8.528504e-02,8.498357e-03,-1.012323e+01,6.025560e-03,1.391478e-02,-2.784654e-03,-5.817032e+00,9.932700e+01,-1.519704e+02,-1.434578e+00,-3.355852e-01,-8.824288e-01,4.697893e-01,2.485097e-02,-4.697795e-01,-8.827592e-01,6.594615e-03,2.503550e-02,-5.855198e-03,9.996695e-01,3.012700e-02,1.608244e-01,4.944164e-01,-1.723218e-01,-3.419567e-02,-1.012207e+01,
5.614247e-02,-4.113956e-02,2.473894e+00,-7.447352e-02,1.074411e-02,-1.012495e+01,5.791637e-03,1.566893e-02,-2.939724e-03,-5.815918e+00,9.932700e+01,-1.520452e+02,-1.383767e+00,-3.236225e-01,-8.830604e-01,4.686466e-01,2.397862e-02,-4.686378e-01,-8.833678e-01,6.331032e-03,2.414895e-02,-5.646602e-03,9.996926e-01,2.990028e-02,1.606709e-01,4.944824e-01,-1.719826e-01,-3.869131e-02,-1.012370e+01,
5.206062e-02,-4.747461e-02,2.473714e+00,-6.117610e-02,2.175980e-02,-1.013052e+01,5.231909e-03,1.322361e-02,-3.157983e-03,-5.814294e+00,9.932700e+01,-1.521203e+02,-1.345029e+00,-3.139229e-01,-8.836877e-01,4.674964e-01,2.331029e-02,-4.674882e-01,-8.839781e-01,6.133203e-03,2.347304e-02,-5.477451e-03,9.997095e-01,2.989560e-02,1.619565e-01,4.944841e-01,-1.719122e-01,-5.276863e-02,-1.012913e+01,
5.107683e-02,-4.423901e-02,2.473634e+00,-5.296648e-02,1.638934e-02,-1.012928e+01,5.260137e-03,1.471861e-02,-3.076597e-03,-5.814294e+00,9.932201e+01,-1.521953e+02,-1.295595e+00,-3.027048e-01,-8.843167e-01,4.663470e-01,2.246404e-02,-4.663399e-01,-8.845862e-01,5.873524e-03,2.261047e-02,-5.281821e-03,9.997304e-01,3.012994e-02,1.613534e-01,4.945242e-01,-1.730622e-01,-4.929195e-02,-1.012783e+01,
5.512611e-02,-4.218780e-02,2.473845e+00,-5.700054e-02,1.467114e-02,-1.012985e+01,4.758399e-03,1.335664e-02,-3.254579e-03,-5.815005e+00,9.932201e+01,-1.522820e+02,-1.253640e+00,-2.940741e-01,-8.850359e-01,4.650143e-01,2.175479e-02,-4.650086e-01,-8.852884e-01,5.632373e-03,2.187840e-02,-5.131312e-03,9.997476e-01,2.952625e-02,1.605121e-01,4.946337e-01,-1.631030e-01,-4.353755e-02,-1.012862e+01,
5.310977e-02,-4.214230e-02,2.473728e+00,-4.454520e-02,2.622920e-02,-1.011897e+01,4.671780e-03,1.268449e-02,-2.917676e-03,-5.814872e+00,9.932700e+01,-1.523552e+02,-1.215361e+00,-2.863396e-01,-8.856418e-01,4.638893e-01,2.110766e-02,-4.638846e-01,-8.858792e-01,5.414261e-03,2.121045e-02,-4.996424e-03,9.997626e-01,2.974523e-02,1.605478e-01,4.946536e-01,-1.619693e-01,-5.735882e-02,-1.011765e+01,
5.106067e-02,-4.637926e-02,2.473623e+00,-4.027786e-02,3.717896e-02,-1.010104e+01,4.751734e-03,1.089795e-02,-3.107563e-03,-5.816772e+00,9.932700e+01,-1.524467e+02,-1.187435e+00,-2.786477e-01,-8.863907e-01,4.624785e-01,2.062219e-02,-4.624740e-01,-8.866172e-01,5.274162e-03,2.072317e-02,-4.862257e-03,9.997735e-01,2.972950e-02,1.613292e-01,4.946617e-01,-1.554092e-01,-6.761058e-02,-1.009977e+01,
5.308522e-02,-4.535388e-02,2.473738e+00,-4.575750e-02,3.488863e-02,-1.008207e+01,4.596638e-03,1.249710e-02,-2.613217e-03,-5.815927e+00,9.931100e+01,-1.525180e+02,-1.149989e+00,-2.716942e-01,-8.869776e-01,4.613796e-01,1.999306e-02,-4.613763e-01,-8.871902e-01,5.054624e-03,2.006975e-02,-4.740986e-03,9.997873e-01,2.936791e-02,1.608506e-01,4.947400e-01,-1.448886e-01,-6.080248e-02,-1.008101e+01,
5.110116e-02,-4.102666e-02,2.473615e+00,-4.989405e-02,4.553581e-02,-1.005690e+01,4.637575e-03,1.093593e-02,-2.734599e-03,-5.815716e+00,9.932700e+01,-1.525926e+02,-1.121331e+00,-2.651295e-01,-8.875863e-01,4.602288e-01,1.950295e-02,-4.602260e-01,-8.877885e-01,4.900126e-03,1.956967e-02,-4.626482e-03,9.997980e-01,3.003405e-02,1.601997e-01,4.947414e-01,-1.308971e-01,-6.674370e-02,-1.005606e+01,
5.209319e-02,-4.319081e-02,2.473683e+00,-4.881816e-02,5.678146e-02,-1.002857e+01,4.681079e-03,1.072848e-02,-2.695482e-03,-5.814916e+00,9.931600e+01,-1.526683e+02,-1.096740e+00,-2.605528e-01,-8.882005e-01,4.590593e-01,1.909153e-02,-4.590572e-01,-8.883940e-01,4.748306e-03,1.914055e-02,-4.546656e-03,9.998065e-01,2.968739e-02,1.603726e-01,4.947923e-01,-1.220344e-01,-7.565270e-02,-1.002782e+01,
5.310947e-02,-4.214263e-02,2.473730e+00,-4.754057e-02,5.906301e-02,-1.001225e+01,4.774958e-03,1.046985e-02,-2.541863e-03,-5.815458e+00,9.931600e+01,-1.527519e+02,-1.073915e+00,-2.555916e-01,-8.888766e-01,4.577649e-01,1.870471e-02,-4.577633e-01,-8.890622e-01,4.615053e-03,1.874225e-02,-4.460116e-03,9.998144e-01,2.964718e-02,1.600152e-01,4.948323e-01,-1.179815e-01,-7.695542e-02,-1.001155e+01,
5.208495e-02,-4.426225e-02,2.473696e+00,-5.538118e-02,5.852503e-02,-9.990661e+00,5.288264e-03,9.938251e-03,-2.106784e-03,-5.814742e+00,9.932201e+01,-1.528379e+02,-1.055076e+00,-2.481139e-01,-8.895677e-01,4.564342e-01,1.835955e-02,-4.564321e-01,-8.897467e-01,4.553032e-03,1.841351e-02,-4.329656e-03,9.998211e-01,2.970196e-02,1.603949e-01,4.948401e-01,-1.074459e-01,-7.228251e-02,-9.990147e+00,
5.312566e-02,-4.000229e-02,2.473740e+00,-6.436598e-02,6.598655e-02,-9.957842e+00,5.359367e-03,9.393229e-03,-1.786088e-03,-5.813191e+00,9.932201e+01,-1.529118e+02,-1.040117e+00,-2.408120e-01,-8.901598e-01,4.552899e-01,1.807498e-02,-4.552868e-01,-8.903334e-01,4.523955e-03,1.815247e-02,-4.202259e-03,9.998266e-01,2.995469e-02,1.595541e-01,4.948582e-01,-9.264881e-02,-7.449389e-02,-9.957561e+00,
5.511811e-02,-4.326052e-02,2.473878e+00,-5.959887e-02,8.488303e-02,-9.933414e+00,5.384382e-03,8.217714e-03,-1.599754e-03,-5.812119e+00,9.932700e+01,-1.529931e+02,-1.031138e+00,-2.342747e-01,-8.908072e-01,4.540290e-01,1.788997e-02,-4.540248e-01,-8.909774e-01,4.528813e-03,1.799577e-02,-4.088191e-03,9.998296e-01,2.947644e-02,1.599013e-01,4.948940e-01,-8.607803e-02,-9.355606e-02,-9.933142e+00,
5.312583e-02,-4.000105e-02,2.473723e+00,-6.778198e-02,8.667885e-02,-9.907881e+00,5.845998e-03,8.141925e-03,-1.356568e-03,-5.813938e+00,9.932201e+01,-1.530735e+02,-1.020902e+00,-2.251741e-01,-8.914470e-01,4.527807e-01,1.766515e-02,-4.527747e-01,-8.916133e-01,4.564418e-03,1.781716e-02,-3.929396e-03,9.998336e-01,3.019514e-02,1.595141e-01,4.948531e-01,-7.535364e-02,-9.181776e-02,-9.907780e+00,
5.210125e-02,-4.211902e-02,2.473662e+00,-7.616938e-02,9.040493e-02,-9.880240e+00,6.217304e-03,7.872823e-03,-7.298084e-04,-5.816618e+00,9.933301e+01,-1.531431e+02,-1.013749e+00,-2.157403e-01,-8.919982e-01,4.517006e-01,1.748495e-02,-4.516926e-01,-8.921617e-01,4.633463e-03,1.769234e-02,-3.764780e-03,9.998364e-01,3.028828e-02,1.599630e-01,4.948311e-01,-6.397658e-02,-9.203040e-02,-9.880313e+00,
5.513436e-02,-4.111669e-02,2.473832e+00,-7.647555e-02,9.667324e-02,-9.849088e+00,6.395242e-03,6.165616e-03,-3.294560e-04,-5.816150e+00,9.932700e+01,-1.532161e+02,-1.019382e+00,-2.071278e-01,-8.925715e-01,4.505660e-01,1.751086e-02,-4.505550e-01,-8.927359e-01,4.789672e-03,1.779064e-02,-3.614482e-03,9.998354e-01,3.007929e-02,1.595890e-01,4.948433e-01,-6.064847e-02,-9.902112e-02,-9.849176e+00,
5.315826e-02,-3.571758e-02,2.473698e+00,-7.703428e-02,1.017275e-01,-9.816272e+00,7.109740e-03,6.368585e-03,-1.912916e-04,-5.815206e+00,9.932201e+01,-1.532820e+02,-1.024631e+00,-1.949926e-01,-8.930874e-01,4.495428e-01,1.750296e-02,-4.495279e-01,-8.932524e-01,4.999906e-03,1.788223e-02,-3.402712e-03,9.998343e-01,3.104082e-02,1.589308e-01,4.947716e-01,-5.728458e-02,-1.053197e-01,-9.816368e+00,
5.311782e-02,-4.107020e-02,2.473708e+00,-8.842494e-02,9.709953e-02,-9.798467e+00,7.505472e-03,5.917875e-03,1.508881e-04,-5.817078e+00,9.932700e+01,-1.533438e+02,-1.034911e+00,-1.793809e-01,-8.935694e-01,4.485825e-01,1.754644e-02,-4.485621e-01,-8.937361e-01,5.305011e-03,1.806162e-02,-3.130272e-03,9.998322e-01,3.078720e-02,1.599577e-01,4.947239e-01,-4.935727e-02,-9.909825e-02,-9.798722e+00,
5.716714e-02,-3.901803e-02,2.473912e+00,-9.725957e-02,1.004504e-01,-9.777130e+00,7.839502e-03,6.020660e-03,5.146086e-04,-5.818758e+00,9.932700e+01,-1.534014e+02,-1.045720e+00,-1.618510e-01,-8.940164e-01,4.476892e-01,1.758346e-02,-4.476625e-01,-8.941849e-01,5.645418e-03,1.825025e-02,-2.824358e-03,9.998295e-01,3.045701e-02,1.594204e-01,4.947165e-01,-3.999354e-02,-1.014778e-01,-9.777522e+00,
5.616706e-02,-3.792499e-02,2.473852e+00,-1.025370e-01,1.079690e-01,-9.745566e+00,8.353419e-03,4.414331e-03,7.490019e-04,-5.818311e+00,9.932201e+01,-1.534537e+02,-1.066107e+00,-1.417901e-01,-8.944190e-01,4.468774e-01,1.775039e-02,-4.468426e-01,-8.945917e-01,6.101568e-03,1.860601e-02,-2.474274e-03,9.998238e-01,3.094068e-02,1.595267e-01,4.946209e-01,-3.302769e-02,-1.102335e-01,-9.746025e+00,
5.815114e-02,-4.225197e-02,2.473966e+00,-9.785011e-02,1.110783e-01,-9.723684e+00,8.610739e-03,4.203436e-03,1.439901e-03,-5.819808e+00,9.932201e+01,-1.534933e+02,-1.087444e+00,-1.206401e-01,-8.947207e-01,4.462664e-01,1.792305e-02,-4.462228e-01,-8.948977e-01,6.585840e-03,1.897833e-02,-2.105186e-03,9.998177e-01,3.043859e-02,1.603111e-01,4.945666e-01,-3.715904e-02,-1.197794e-01,-9.724003e+00,
5.514269e-02,-4.004367e-02,2.473800e+00,-1.020849e-01,1.107952e-01,-9.711327e+00,9.268858e-03,2.469957e-03,1.390472e-03,-5.819944e+00,9.932201e+01,-1.535394e+02,-1.118274e+00,-9.621519e-02,-8.950704e-01,4.455526e-01,1.822003e-02,-4.454978e-01,-8.952542e-01,7.192768e-03,1.951632e-02,-1.678951e-03,9.998081e-01,3.139923e-02,1.604745e-01,4.944152e-01,-3.620248e-02,-1.235626e-01,-9.711641e+00,
5.517507e-02,-3.576151e-02,2.473797e+00,-1.058991e-01,1.038814e-01,-9.697922e+00,9.741231e-03,2.418705e-03,1.251503e-03,-5.818058e+00,9.932700e+01,-1.535807e+02,-1.148337e+00,-6.942075e-02,-8.953825e-01,4.449139e-01,1.848698e-02,-4.448466e-01,-8.955725e-01,7.831842e-03,2.004093e-02,-1.211377e-03,9.997984e-01,3.199476e-02,1.600529e-01,4.943008e-01,-3.824687e-02,-1.218771e-01,-9.698215e+00,
5.815103e-02,-4.225327e-02,2.473984e+00,-1.052458e-01,1.109038e-01,-9.665416e+00,9.979336e-03,1.024882e-03,1.712296e-03,-5.817578e+00,9.933801e+01,-1.536029e+02,-1.185680e+00,-4.230508e-02,-8.955424e-01,4.445761e-01,1.886328e-02,-4.444948e-01,-8.957408e-01,8.538317e-03,2.069254e-02,-7.382049e-04,9.997857e-01,3.119974e-02,1.612359e-01,4.942220e-01,-3.876422e-02,-1.350862e-01,-9.665604e+00,
5.724877e-02,-2.831034e-02,2.473860e+00,-1.056357e-01,1.021589e-01,-9.661417e+00,1.022003e-02,2.055627e-03,2.078971e-03,-5.818278e+00,9.931600e+01,-1.536317e+02,-1.217396e+00,-1.465815e-02,-8.957552e-01,4.441352e-01,1.914911e-02,-4.440399e-01,-8.959597e-01,9.206969e-03,2.124597e-02,-2.557752e-04,9.997742e-01,3.273005e-02,1.592889e-01,4.940761e-01,-4.501139e-02,-1.335762e-01,-9.661507e+00,
5.920823e-02,-3.585024e-02,2.473992e+00,-1.098389e-01,9.600525e-02,-9.658439e+00,1.058139e-02,9.998897e-04,1.990540e-03,-5.819754e+00,9.932700e+01,-1.536663e+02,-1.255353e+00,1.612677e-02,-8.960105e-01,4.436041e-01,1.950991e-02,-4.434921e-01,-8.962228e-01,9.970741e-03,2.190829e-02,2.813977e-04,9.997600e-01,3.204449e-02,1.607565e-01,4.939732e-01,-4.743011e-02,-1.336312e-01,-9.658500e+00,
5.820001e-02,-3.582581e-02,2.473915e+00,-1.060423e-01,9.235392e-02,-9.651420e+00,1.053048e-02,1.041882e-03,2.255257e-03,-5.821568e+00,9.932201e+01,-1.536907e+02,-1.293594e+00,4.802198e-02,-8.961859e-01,4.432342e-01,1.986557e-02,-4.431044e-01,-8.964056e-01,1.075720e-02,2.257556e-02,8.379281e-04,9.997449e-01,3.245568e-02,1.612152e-01,4.938154e-01,-5.576292e-02,-1.396210e-01,-9.651274e+00,
5.818361e-02,-3.796795e-02,2.473932e+00,-1.035453e-01,8.595570e-02,-9.631493e+00,1.085355e-02,4.737536e-04,2.154437e-03,-5.823169e+00,9.931600e+01,-1.537083e+02,-1.334539e+00,8.230043e-02,-8.963074e-01,4.429709e-01,2.024439e-02,-4.428213e-01,-8.965349e-01,1.160391e-02,2.328999e-02,1.436024e-03,9.997278e-01,3.251355e-02,1.619881e-01,4.936680e-01,-6.409934e-02,-1.429732e-01,-9.631159e+00,
6.120019e-02,-3.910648e-02,2.474105e+00,-1.120125e-01,8.419126e-02,-9.634082e+00,1.085828e-02,-4.456842e-04,2.322173e-03,-5.822106e+00,9.932700e+01,-1.537283e+02,-1.380148e+00,1.161952e-01,-8.964447e-01,4.426717e-01,2.070017e-02,-4.425004e-01,-8.966814e-01,1.247956e-02,2.408580e-02,2.027399e-03,9.997078e-01,3.219018e-02,1.623544e-01,4.935556e-01,-6.174503e-02,-1.461562e-01,-9.633794e+00,
6.132233e-02,-2.304449e-02,2.474022e+00,-1.256825e-01,6.982084e-02,-9.618159e+00,1.102262e-02,-1.953443e-04,2.179951e-03,-5.822433e+00,9.932700e+01,-1.537296e+02,-1.423392e+00,1.506638e-01,-8.964388e-01,4.426646e-01,2.111075e-02,-4.424710e-01,-8.966835e-01,1.335246e-02,2.484032e-02,2.628766e-03,9.996881e-01,3.370615e-02,1.600751e-01,4.933933e-01,-5.947272e-02,-1.354224e-01,-9.618097e+00,
6.324133e-02,-3.593870e-02,2.474199e+00,-1.262389e-01,6.984145e-02,-9.602924e+00,1.082157e-02,-1.694200e-03,2.123235e-03,-5.822812e+00,9.933801e+01,-1.537301e+02,-1.472565e+00,1.832136e-01,-8.964232e-01,4.426713e-01,2.162874e-02,-4.424537e-01,-8.966784e-01,1.424142e-02,2.569829e-02,3.196620e-03,9.996647e-01,3.256925e-02,1.625225e-01,4.932680e-01,-6.361884e-02,-1.435297e-01,-9.602726e+00,
6.331444e-02,-2.630283e-02,2.474160e+00,-1.393309e-01,5.724513e-02,-9.591722e+00,1.078955e-02,-1.460973e-03,1.824927e-03,-5.822425e+00,9.932201e+01,-1.537323e+02,-1.518353e+00,2.147439e-01,-8.964213e-01,4.426518e-01,2.210207e-02,-4.424104e-01,-8.966859e-01,1.508760e-02,2.649717e-02,3.746664e-03,9.996420e-01,3.359350e-02,1.613137e-01,4.931146e-01,-6.175806e-02,-1.344056e-01,-9.591765e+00,
6.125733e-02,-3.161205e-02,2.474086e+00,-1.472113e-01,4.132457e-02,-9.607311e+00,1.063969e-02,-2.216766e-03,1.829093e-03,-5.821321e+00,9.931100e+01,-1.537345e+02,-1.569208e+00,2.455603e-01,-8.964170e-01,4.426325e-01,2.266023e-02,-4.423653e-01,-8.966931e-01,1.596167e-02,2.738442e-02,4.284216e-03,9.996159e-01,3.377733e-02,1.628070e-01,4.929257e-01,-6.744958e-02,-1.252831e-01,-9.607475e+00,
6.436323e-02,-2.097209e-02,2.474208e+00,-1.721437e-01,3.608808e-02,-9.598071e+00,1.023411e-02,-2.165261e-03,1.782017e-03,-5.820295e+00,9.932700e+01,-1.537369e+02,-1.620853e+00,2.733787e-01,-8.964126e-01,4.426101e-01,2.325400e-02,-4.423171e-01,-8.967014e-01,1.679480e-02,2.828544e-02,4.769431e-03,9.995885e-01,3.443579e-02,1.611716e-01,4.928183e-01,-5.290881e-02,-1.174158e-01,-9.598818e+00,
6.228976e-02,-2.842231e-02,2.474130e+00,-1.837309e-01,2.822569e-02,-9.590436e+00,1.002315e-02,-1.887031e-03,1.831271e-03,-5.819902e+00,9.931600e+01,-1.537391e+02,-1.673887e+00,3.015953e-01,-8.964058e-01,4.425915e-01,2.386641e-02,-4.422709e-01,-8.967080e-01,1.764489e-02,2.921068e-02,5.261560e-03,9.995594e-01,3.447137e-02,1.630140e-01,4.926265e-01,-5.169937e-02,-1.132735e-01,-9.591429e+00,
6.633092e-02,-2.744200e-02,2.474341e+00,-2.045697e-01,1.465766e-02,-9.593455e+00,1.002266e-02,-7.090286e-04,1.580297e-03,-5.820978e+00,9.932201e+01,-1.537427e+02,-1.721580e+00,3.310108e-01,-8.964117e-01,4.425512e-01,2.438651e-02,-4.422033e-01,-8.967247e-01,1.847185e-02,3.004273e-02,5.774590e-03,9.995320e-01,3.413834e-02,1.629214e-01,4.925366e-01,-4.408544e-02,-9.989138e-02,-9.595027e+00,
6.637185e-02,-2.208728e-02,2.474303e+00,-2.206907e-01,1.114992e-03,-9.603359e+00,9.242914e-03,-1.808545e-03,1.578699e-03,-5.821745e+00,9.931600e+01,-1.537464e+02,-1.775244e+00,3.559997e-01,-8.964143e-01,4.425097e-01,2.503428e-02,-4.421333e-01,-8.967422e-01,1.927550e-02,3.097889e-02,6.210346e-03,9.995008e-01,3.490237e-02,1.624126e-01,4.923824e-01,-4.208949e-02,-8.853471e-02,-9.605395e+00,
6.632279e-02,-2.851179e-02,2.474335e+00,-2.471598e-01,-9.225952e-03,-9.594271e+00,8.792087e-03,-1.868618e-03,1.857972e-03,-5.822165e+00,9.932201e+01,-1.537484e+02,-1.829711e+00,3.777421e-01,-8.964034e-01,4.424926e-01,2.571920e-02,-4.420879e-01,-8.967481e-01,2.003516e-02,3.192905e-02,6.589435e-03,9.994686e-01,3.471895e-02,1.638703e-01,4.922327e-01,-2.928457e-02,-7.468303e-02,-9.597125e+00,
6.835561e-02,-2.641542e-02,2.474439e+00,-2.618984e-01,-1.116008e-02,-9.587823e+00,8.284506e-03,-1.594779e-03,1.605001e-03,-5.822163e+00,9.932700e+01,-1.537518e+02,-1.882130e+00,3.957507e-01,-8.964030e-01,4.424530e-01,2.640143e-02,-4.420215e-01,-8.967652e-01,2.071989e-02,3.284346e-02,6.903373e-03,9.994367e-01,3.489530e-02,1.636861e-01,4.921308e-01,-2.330352e-02,-7.288595e-02,-9.591101e+00,
6.733111e-02,-2.853518e-02,2.474413e+00,-2.825201e-01,-2.444945e-02,-9.576656e+00,7.551620e-03,-2.190848e-03,1.047862e-03,-5.820668e+00,9.932201e+01,-1.537585e+02,-1.938852e+00,4.090403e-01,-8.964248e-01,4.423614e-01,2.718867e-02,-4.419029e-01,-8.968087e-01,2.136231e-02,3.383289e-02,7.134953e-03,9.994022e-01,3.529577e-02,1.644411e-01,4.919833e-01,-1.793396e-02,-5.780654e-02,-9.580665e+00,
