MagX, MagY, MagZ, AccX, AccY, AccZ, GyroX, GyroY, GyroZ, Temp, Pres, Yaw, Pitch, Roll, DCM1, DCM2, DCM3, DCM4, DCM5, DCM6, DCM7, DCM8, DCM9, MagNED1, MagNED2, MagNED3, AccNED1, AccNED2, ACCNED3, 
6.442559e-02,-2.768348e-01,2.468529e+00,-3.261306e-01,1.422359e-01,-8.992935e+00,2.517693e-02,1.474388e-02,5.485092e-04,-6.644168e+00,9.933801e+01,-2.717166e+01,-2.281173e+00,-8.033036e-01,8.889374e-01,4.571095e-01,-2.900511e-02,-4.562960e-01,8.893002e-01,3.064742e-02,3.980348e-02,-1.400872e-02,9.991094e-01,-1.707100e-01,-9.413432e-02,4.974329e-01,3.594881e-02,-3.077686e-04,-8.999900e+00,
6.244710e-02,-2.725178e-01,2.468395e+00,-3.176680e-01,1.059631e-01,-9.065187e+00,2.550781e-02,1.307291e-02,4.135999e-04,-6.644276e+00,9.932700e+01,-2.714742e+01,-2.258287e+00,-6.822895e-01,8.891445e-01,4.566668e-01,-2.962753e-02,-4.559272e-01,8.895584e-01,2.857429e-02,3.940434e-02,-1.189867e-02,9.991527e-01,-1.709236e-01,-9.435409e-02,4.970845e-01,3.451623e-02,-1.993746e-02,-9.071284e+00,
6.141729e-02,-2.756987e-01,2.468354e+00,-3.052744e-01,6.574824e-02,-9.151691e+00,2.565802e-02,1.346295e-02,4.893072e-04,-6.644733e+00,9.933801e+01,-2.712562e+01,-2.232368e+00,-5.598172e-01,8.893337e-01,4.562599e-01,-3.021147e-02,-4.555969e-01,8.897931e-01,2.645501e-02,3.895231e-02,-9.763084e-03,9.991934e-01,-1.716086e-01,-9.592490e-02,4.967773e-01,3.499351e-02,-4.452375e-02,-9.156843e+00,
6.446597e-02,-2.714962e-01,2.468508e+00,-3.054973e-01,1.672507e-02,-9.233535e+00,2.560351e-02,1.338475e-02,5.314384e-04,-6.644036e+00,9.932700e+01,-2.711897e+01,-2.207603e+00,-4.379974e-01,8.894014e-01,4.560884e-01,-3.079991e-02,-4.555013e-01,8.899018e-01,2.436262e-02,3.852040e-02,-7.638751e-03,9.992287e-01,-1.710099e-01,-9.655303e-02,4.965207e-01,2.031040e-02,-7.091501e-02,-9.238308e+00,
6.349307e-02,-2.672022e-01,2.468436e+00,-2.908837e-01,-2.051713e-02,-9.311568e+00,2.542703e-02,1.372449e-02,6.758043e-04,-6.642984e+00,9.932700e+01,-2.710724e+01,-2.181071e+00,-3.173849e-01,8.895104e-01,4.558382e-01,-3.135266e-02,-4.553274e-01,8.900455e-01,2.227192e-02,3.805768e-02,-5.535372e-03,9.992603e-01,-1.710476e-01,-9.683415e-02,4.961998e-01,2.384582e-02,-9.320030e-02,-9.315638e+00,
6.247141e-02,-2.693159e-01,2.468390e+00,-2.890427e-01,-5.925543e-02,-9.398875e+00,2.473479e-02,1.285134e-02,8.773824e-04,-6.643373e+00,9.933801e+01,-2.709723e+01,-2.159315e+00,-2.005164e-01,8.896027e-01,4.556165e-01,-3.194816e-02,-4.551785e-01,8.901693e-01,2.027792e-02,3.767823e-02,-3.497180e-03,9.992838e-01,-1.716678e-01,-9.812976e-02,4.958908e-01,1.614583e-02,-1.117710e-01,-9.402826e+00,
5.847397e-02,-2.660217e-01,2.468152e+00,-2.832058e-01,-1.038482e-01,-9.486518e+00,2.399525e-02,1.506136e-02,9.250381e-04,-6.643272e+00,9.933801e+01,-2.709770e+01,-2.124699e+00,-8.762874e-02,8.896191e-01,4.555591e-01,-3.230818e-02,-4.551960e-01,8.902043e-01,1.824928e-02,3.707450e-02,-1.528358e-03,9.993114e-01,-1.722245e-01,-9.825344e-02,4.955555e-01,7.237822e-03,-1.366541e-01,-9.490326e+00,
6.144987e-02,-2.714299e-01,2.468349e+00,-2.759387e-01,-1.379510e-01,-9.588313e+00,2.339320e-02,1.391457e-02,1.321935e-03,-6.642450e+00,9.933801e+01,-2.709684e+01,-2.096385e+00,2.208082e-02,8.896422e-01,4.554834e-01,-3.274103e-02,-4.551911e-01,8.902444e-01,1.631926e-02,3.658067e-02,3.851252e-04,9.993308e-01,-1.723965e-01,-1.003833e-01,4.953477e-01,5.610138e-03,-1.536794e-01,-9.592043e+00,
6.252000e-02,-2.629060e-01,2.468345e+00,-2.676804e-01,-1.567577e-01,-9.665464e+00,2.163798e-02,1.521758e-02,1.226487e-03,-6.643814e+00,9.932700e+01,-2.710211e+01,-2.060542e+00,1.217704e-01,8.896204e-01,4.555086e-01,-3.297561e-02,-4.552831e-01,8.902289e-01,1.448856e-02,3.595550e-02,2.123919e-03,9.993511e-01,-1.716066e-01,-9.995051e-02,4.951323e-01,9.186119e-03,-1.577185e-01,-9.669150e+00,
6.051748e-02,-2.617923e-01,2.468228e+00,-2.667811e-01,-1.928881e-01,-9.755325e+00,2.063033e-02,1.569594e-02,1.717279e-03,-6.644680e+00,9.933801e+01,-2.710664e+01,-2.022417e+00,2.152358e-01,8.896056e-01,4.555269e-01,-3.312565e-02,-4.553643e-01,8.902141e-01,1.273600e-02,3.529051e-02,3.754225e-03,9.993701e-01,-1.719220e-01,-1.004577e-01,4.948959e-01,-2.044201e-03,-1.744729e-01,-9.759319e+00,
5.948736e-02,-2.649739e-01,2.468186e+00,-2.688176e-01,-2.190708e-01,-9.816627e+00,1.942875e-02,1.250750e-02,1.907659e-03,-6.645379e+00,9.933801e+01,-2.711078e+01,-2.003034e+00,3.013406e-01,8.895832e-01,4.555425e-01,-3.350843e-02,-4.554339e-01,8.901985e-01,1.124653e-02,3.495242e-02,5.256147e-03,9.993752e-01,-1.725583e-01,-1.016366e-01,4.946617e-01,-9.992003e-03,-1.829909e-01,-9.821040e+00,
6.054971e-02,-2.575216e-01,2.468211e+00,-2.614255e-01,-2.328196e-01,-9.882480e+00,1.770744e-02,1.347754e-02,2.116153e-03,-6.644711e+00,9.932700e+01,-2.711963e+01,-1.978009e+00,3.775333e-01,8.895265e-01,4.556377e-01,-3.372413e-02,-4.555784e-01,8.901411e-01,9.869020e-03,3.451592e-02,6.585226e-03,9.993826e-01,-1.718605e-01,-1.011448e-01,4.945043e-01,-5.348265e-03,-1.856729e-01,-9.886934e+00,
5.957688e-02,-2.532295e-01,2.468150e+00,-2.675129e-01,-2.347188e-01,-9.931277e+00,1.611170e-02,1.357436e-02,2.612050e-03,-6.643564e+00,9.932700e+01,-2.712796e+01,-1.952587e+00,4.444363e-01,8.894737e-01,4.557303e-01,-3.386021e-02,-4.557145e-01,8.900842e-01,8.632398e-03,3.407248e-02,7.752296e-03,9.993894e-01,-1.717334e-01,-1.009384e-01,4.943435e-01,-8.639067e-03,-1.727407e-01,-9.936148e+00,
5.655216e-02,-2.542292e-01,2.467978e+00,-2.708270e-01,-2.470721e-01,-1.000337e+01,1.451984e-02,1.223210e-02,2.845771e-03,-6.642891e+00,9.932700e+01,-2.713728e+01,-1.934768e+00,5.023164e-01,8.894089e-01,4.558432e-01,-3.404271e-02,-4.558641e-01,8.900170e-01,7.597049e-03,3.376165e-02,8.761966e-03,9.993916e-01,-1.724278e-01,-1.013388e-01,4.941533e-01,-1.296023e-02,-1.724342e-01,-1.000859e+01,
6.054181e-02,-2.585886e-01,2.468212e+00,-2.721460e-01,-2.462699e-01,-1.005993e+01,1.256877e-02,1.272560e-02,2.827273e-03,-6.645040e+00,9.934901e+01,-2.715248e+01,-1.913925e+00,5.491904e-01,8.892988e-01,4.560544e-01,-3.409031e-02,-4.561056e-01,8.899004e-01,6.712135e-03,3.339808e-02,9.579688e-03,9.993963e-01,-1.721844e-01,-1.028109e-01,4.941154e-01,-1.138541e-02,-1.625520e-01,-1.006530e+01,
6.057401e-02,-2.543174e-01,2.468194e+00,-2.761248e-01,-2.449874e-01,-1.010460e+01,1.088486e-02,1.320252e-02,3.104192e-03,-6.644881e+00,9.933801e+01,-2.716627e+01,-1.890250e+00,5.864946e-01,8.892012e-01,4.562500e-01,-3.401836e-02,-4.563259e-01,8.897929e-01,5.952468e-03,3.298510e-02,1.023052e-02,9.994036e-01,-1.718001e-01,-1.024404e-01,4.940536e-01,-1.356408e-02,-1.521324e-01,-1.011019e+01,
5.956859e-02,-2.542934e-01,2.468129e+00,-2.930112e-01,-2.294248e-01,-1.018849e+01,7.438990e-03,1.227292e-02,3.254954e-03,-6.646041e+00,9.932700e+01,-2.721232e+01,-1.857182e+00,6.304012e-01,8.888510e-01,4.569444e-01,-3.385077e-02,-4.570490e-01,8.894274e-01,5.034453e-03,3.240826e-02,1.099658e-02,9.994143e-01,-1.719648e-01,-1.026832e-01,4.939663e-01,-2.038965e-02,-1.214297e-01,-1.019454e+01,
5.955248e-02,-2.564296e-01,2.468143e+00,-3.104499e-01,-2.261048e-01,-1.021815e+01,5.661601e-03,1.421805e-02,3.475268e-03,-6.645149e+00,9.933301e+01,-2.724234e+01,-1.828411e+00,6.373703e-01,8.886258e-01,4.574113e-01,-3.345758e-02,-4.575221e-01,8.891860e-01,4.714313e-03,3.190638e-02,1.111832e-02,9.994292e-01,-1.720117e-01,-1.031165e-01,4.939968e-01,-3.742203e-02,-1.071831e-01,-1.022474e+01,
6.057405e-02,-2.543174e-01,2.468196e+00,-3.117417e-01,-2.176063e-01,-1.024691e+01,3.862361e-03,1.201589e-02,3.474404e-03,-6.644821e+00,9.933801e+01,-2.727920e+01,-1.812323e+00,6.339483e-01,8.883391e-01,4.579880e-01,-3.317776e-02,-4.580978e-01,8.888896e-01,4.660306e-03,3.162573e-02,1.105873e-02,9.994386e-01,-1.715891e-01,-1.027777e-01,4.940571e-01,-3.662381e-02,-9.837356e-02,-1.025343e+01,
5.661698e-02,-2.456849e-01,2.467936e+00,-3.233541e-01,-1.914012e-01,-1.026628e+01,2.627917e-03,1.261937e-02,3.837087e-03,-6.644497e+00,9.933801e+01,-2.731735e+01,-1.793400e+00,6.229255e-01,8.880432e-01,4.585893e-01,-3.279316e-02,-4.586939e-01,8.885820e-01,4.701866e-03,3.129563e-02,1.086656e-02,9.994512e-01,-1.713843e-01,-1.008690e-01,4.940700e-01,-3.826332e-02,-7.002572e-02,-1.027284e+01,
6.056600e-02,-2.553860e-01,2.468203e+00,-3.194965e-01,-1.715813e-01,-1.028242e+01,9.062025e-04,1.097514e-02,3.754780e-03,-6.643684e+00,9.933301e+01,-2.735844e+01,-1.783929e+00,6.019452e-01,8.877185e-01,4.592398e-01,-3.247488e-02,-4.593329e-01,8.882503e-01,4.974708e-03,3.113041e-02,1.050064e-02,9.994602e-01,-1.714823e-01,-1.025826e-01,4.942033e-01,-2.849969e-02,-5.680386e-02,-1.028861e+01,
5.852248e-02,-2.596136e-01,2.468116e+00,-3.290435e-01,-1.570061e-01,-1.028524e+01,-5.310634e-04,1.173407e-02,3.737658e-03,-6.644012e+00,9.933801e+01,-2.739618e+01,-1.770630e+00,5.725340e-01,8.874222e-01,4.598436e-01,-3.202959e-02,-4.599209e-01,8.879439e-01,5.345156e-03,3.089841e-02,9.987667e-03,9.994727e-01,-1.720391e-01,-1.028239e-01,4.942786e-01,-3.476694e-02,-4.305480e-02,-1.029155e+01,
5.956848e-02,-2.543016e-01,2.468177e+00,-3.379671e-01,-1.322649e-01,-1.028123e+01,-1.564918e-03,1.247974e-02,3.642840e-03,-6.641417e+00,9.933301e+01,-2.743217e+01,-1.754055e+00,5.366537e-01,8.871410e-01,4.604237e-01,-3.148127e-02,-4.604824e-01,8.876501e-01,5.787940e-03,3.060925e-02,9.361850e-03,9.994877e-01,-1.712020e-01,-1.017075e-01,4.944426e-01,-3.705633e-02,-2.128417e-02,-1.028754e+01,
5.650362e-02,-2.606404e-01,2.468037e+00,-3.425942e-01,-1.128374e-01,-1.026905e+01,-2.800771e-03,1.099071e-02,2.858856e-03,-6.640128e+00,9.934901e+01,-2.747133e+01,-1.746460e+00,4.935395e-01,8.868296e-01,4.610547e-01,-3.101282e-02,-4.610904e-01,8.873299e-01,6.416041e-03,3.047675e-02,8.609781e-03,9.994984e-01,-1.721041e-01,-1.020790e-01,4.945293e-01,-3.737456e-02,-8.043788e-03,-1.027532e+01,
5.853890e-02,-2.574804e-01,2.468122e+00,-3.501700e-01,-9.632134e-02,-1.026272e+01,-4.113171e-03,1.117729e-02,2.871104e-03,-6.641338e+00,9.933301e+01,-2.750582e+01,-1.738727e+00,4.422638e-01,8.865556e-01,4.616173e-01,-3.047622e-02,-4.616261e-01,8.870457e-01,7.166259e-03,3.034186e-02,7.715330e-03,9.995099e-01,-1.712915e-01,-1.012585e-01,4.947277e-01,-4.214010e-02,2.660923e-03,-1.026905e+01,
5.950374e-02,-2.628436e-01,2.468213e+00,-3.505741e-01,-6.948674e-02,-1.025050e+01,-4.756631e-03,1.172704e-02,2.780931e-03,-6.640998e+00,9.933301e+01,-2.753161e+01,-1.730135e+00,3.855402e-01,8.863518e-01,4.620473e-01,-2.988265e-02,-4.620272e-01,8.868298e-01,7.988666e-03,3.019197e-02,6.725828e-03,9.995216e-01,-1.713537e-01,-1.017546e-01,4.949260e-01,-3.652593e-02,1.846401e-02,-1.025665e+01,
5.752517e-02,-2.585261e-01,2.468076e+00,-3.591968e-01,-4.024271e-02,-1.022685e+01,-5.663556e-03,1.239345e-02,2.448992e-03,-6.641001e+00,9.933801e+01,-2.754706e+01,-1.720935e+00,3.213921e-01,8.862315e-01,4.623205e-01,-2.922060e-02,-4.622685e-01,8.866953e-01,8.915245e-03,3.003146e-02,5.606792e-03,9.995334e-01,-1.710115e-01,-1.003564e-01,4.951000e-01,-3.810185e-02,3.918747e-02,-1.023309e+01,
5.848188e-02,-2.649581e-01,2.468172e+00,-3.706652e-01,-2.478130e-02,-1.019719e+01,-6.329921e-03,1.246761e-02,2.498941e-03,-6.640946e+00,9.934400e+01,-2.756385e+01,-1.713147e+00,2.524977e-01,8.860995e-01,4.626155e-01,-2.854131e-02,-4.625300e-01,8.865481e-01,9.926964e-03,2.989561e-02,4.404933e-03,9.995434e-01,-1.711101e-01,-1.009591e-01,4.953339e-01,-4.886916e-02,4.824676e-02,-1.020373e+01,
5.846589e-02,-2.670934e-01,2.468179e+00,-3.861348e-01,-7.542461e-03,-1.017189e+01,-6.874837e-03,1.504121e-02,2.137579e-03,-6.640376e+00,9.933301e+01,-2.757973e+01,-1.693016e+00,1.791805e-01,8.859805e-01,4.628983e-01,-2.763494e-02,-4.627804e-01,8.864058e-01,1.090655e-02,2.954440e-02,3.125920e-03,9.995585e-01,-1.708828e-01,-1.007787e-01,4.955859e-01,-6.449965e-02,6.106969e-02,-1.017883e+01,
6.052518e-02,-2.607308e-01,2.468261e+00,-3.999145e-01,9.848815e-03,-1.014276e+01,-7.513096e-03,1.440551e-02,1.646366e-03,-6.640466e+00,9.933801e+01,-2.759323e+01,-1.677498e+00,1.019042e-01,8.858785e-01,4.631445e-01,-2.676781e-02,-4.629928e-01,8.862811e-01,1.198302e-02,2.927367e-02,1.777800e-03,9.995699e-01,-1.695851e-01,-9.932013e-02,4.958700e-01,-7.821473e-02,7.234539e-02,-1.015009e+01,
5.541688e-02,-2.712964e-01,2.468025e+00,-4.021823e-01,3.092422e-02,-1.010912e+01,-7.593043e-03,1.520498e-02,1.653735e-03,-6.641534e+00,9.933801e+01,-2.760400e+01,-1.657553e+00,2.390088e-02,8.858004e-01,4.633472e-01,-2.582643e-02,-4.631640e-01,8.861767e-01,1.303330e-02,2.892572e-02,4.169745e-04,9.995815e-01,-1.709126e-01,-1.000799e-01,4.960594e-01,-8.084199e-02,8.192548e-02,-1.011651e+01,
5.847411e-02,-2.660280e-01,2.468188e+00,-4.143395e-01,5.192473e-02,-1.008050e+01,-7.864810e-03,1.411368e-02,1.162720e-03,-6.640079e+00,9.934901e+01,-2.761682e+01,-1.644048e+00,-5.571596e-02,8.857028e-01,4.635808e-01,-2.497059e-02,-4.633655e-01,8.860543e-01,1.416111e-02,2.869011e-02,-9.720265e-04,9.995880e-01,-1.695480e-01,-9.886641e-02,4.963631e-01,-9.119445e-02,9.524772e-02,-1.008828e+01,
5.642272e-02,-2.713245e-01,2.468115e+00,-4.172840e-01,6.789478e-02,-1.003928e+01,-7.943462e-03,1.501020e-02,1.099373e-03,-6.638182e+00,9.933301e+01,-2.762504e+01,-1.623666e+00,-1.346747e-01,8.856453e-01,4.637412e-01,-2.401445e-02,-4.634973e-01,8.859678e-01,1.522077e-02,2.833452e-02,-2.349571e-03,9.995958e-01,-1.698958e-01,-9.901530e-02,4.966063e-01,-9.699214e-02,1.007569e-01,-1.004721e+01,
5.347942e-02,-2.616456e-01,2.467906e+00,-4.318728e-01,8.019915e-02,-1.000494e+01,-7.975831e-03,1.580591e-02,8.410743e-04,-6.636711e+00,9.933801e+01,-2.763565e+01,-1.597400e+00,-2.129434e-01,8.855708e-01,4.639359e-01,-2.297194e-02,-4.636671e-01,8.858610e-01,1.622280e-02,2.787628e-02,-3.715110e-03,9.996045e-01,-1.690463e-01,-9.661338e-02,4.968196e-01,-1.154138e-01,1.089824e-01,-1.001332e+01,
5.441129e-02,-2.712770e-01,2.467986e+00,-4.373092e-01,9.969015e-02,-9.945373e+00,-7.686437e-03,1.547636e-02,7.912440e-04,-6.638004e+00,9.933301e+01,-2.764272e+01,-1.572051e+00,-2.890627e-01,8.855246e-01,4.640734e-01,-2.196164e-02,-4.637821e-01,8.857825e-01,1.719726e-02,2.743402e-02,-5.043177e-03,9.996110e-01,-1.692466e-01,-9.778930e-02,4.971125e-01,-1.225678e-01,1.200868e-01,-9.954004e+00,
5.340609e-02,-2.712539e-01,2.467928e+00,-4.485571e-01,1.158945e-01,-9.919326e+00,-7.709558e-03,1.817902e-02,6.492274e-04,-6.639376e+00,9.933801e+01,-2.765126e+01,-1.531174e+00,-3.652028e-01,8.854726e-01,4.642302e-01,-2.071047e-02,-4.639230e-01,8.856918e-01,1.804657e-02,2.672085e-02,-6.371674e-03,9.996228e-01,-1.688090e-01,-9.724615e-02,4.973900e-01,-1.379495e-01,1.317330e-01,-9.928308e+00,
5.740341e-02,-2.745474e-01,2.468161e+00,-4.541689e-01,1.304950e-01,-9.881039e+00,-6.913738e-03,1.636165e-02,4.742364e-04,-6.639705e+00,9.933301e+01,-2.766031e+01,-1.501435e+00,-4.370449e-01,8.854114e-01,4.643922e-01,-1.966578e-02,-4.640693e-01,8.855969e-01,1.891942e-02,2.620198e-02,-7.625181e-03,9.996276e-01,-1.679322e-01,-9.767803e-02,4.977180e-01,-1.472071e-01,1.393883e-01,-9.890254e+00,
5.441143e-02,-2.712722e-01,2.467957e+00,-4.547701e-01,1.458721e-01,-9.840323e+00,-6.780034e-03,1.678347e-02,6.084798e-04,-6.641363e+00,9.933801e+01,-2.766846e+01,-1.470549e+00,-5.087717e-01,8.853578e-01,4.645381e-01,-1.860432e-02,-4.642016e-01,8.855087e-01,1.978054e-02,2.566310e-02,-8.876702e-03,9.996313e-01,-1.676336e-01,-9.641565e-02,4.979209e-01,-1.517985e-01,1.456291e-01,-9.849660e+00,
5.442780e-02,-2.691371e-01,2.467953e+00,-4.562035e-01,1.593390e-01,-9.812130e+00,-6.227127e-03,1.944069e-02,8.912454e-04,-6.641563e+00,9.934901e+01,-2.767291e+01,-1.426118e+00,-5.782873e-01,8.853391e-01,4.646223e-01,-1.735256e-02,-4.642797e-01,8.854516e-01,2.049629e-02,2.488788e-02,-1.008972e-02,9.996395e-01,-1.668322e-01,-9.568775e-02,4.981939e-01,-1.595967e-01,1.517807e-01,-9.821553e+00,
5.333308e-02,-2.808595e-01,2.467939e+00,-4.652711e-01,1.631024e-01,-9.747744e+00,-5.177898e-03,2.027728e-02,1.118174e-03,-6.643087e+00,9.934901e+01,-2.767787e+01,-1.377065e+00,-6.417527e-01,8.853174e-01,4.647093e-01,-1.607815e-02,-4.643660e-01,8.853926e-01,2.108100e-02,2.403201e-02,-1.119723e-02,9.996486e-01,-1.674157e-01,-9.723477e-02,4.984787e-01,-1.793916e-01,1.549735e-01,-9.757326e+00,
5.336569e-02,-2.765889e-01,2.467925e+00,-4.600335e-01,1.732194e-01,-9.712231e+00,-4.821267e-03,1.972751e-02,9.899325e-04,-6.643276e+00,9.933801e+01,-2.768551e+01,-1.329074e+00,-7.020431e-01,8.852730e-01,4.648349e-01,-1.484477e-02,-4.644931e-01,8.853127e-01,2.162571e-02,2.319464e-02,-1.224936e-02,9.996560e-01,-1.664387e-01,-9.622969e-02,4.987246e-01,-1.825610e-01,1.570019e-01,-9.721683e+00,
5.132207e-02,-2.808177e-01,2.467847e+00,-4.580951e-01,1.825853e-01,-9.678000e+00,-3.941992e-03,1.986308e-02,1.565052e-03,-6.642017e+00,9.934901e+01,-2.768944e+01,-1.278615e+00,-7.565833e-01,8.852589e-01,4.648993e-01,-1.362119e-02,-4.645632e-01,8.852652e-01,2.206033e-02,2.231420e-02,-1.320120e-02,9.996639e-01,-1.665476e-01,-9.652431e-02,4.989565e-01,-1.888231e-01,1.609507e-01,-9.687381e+00,
5.234385e-02,-2.787034e-01,2.467884e+00,-4.519419e-01,1.872426e-01,-9.641303e+00,-3.203896e-03,2.102648e-02,1.547500e-03,-6.642089e+00,9.936001e+01,-2.769456e+01,-1.221584e+00,-8.068552e-01,8.852367e-01,4.649777e-01,-1.233019e-02,-4.646524e-01,8.852106e-01,2.237579e-02,2.131905e-02,-1.407862e-02,9.996737e-01,-1.655598e-01,-9.608661e-02,4.992067e-01,-1.941329e-01,1.600132e-01,-9.650428e+00,
5.131411e-02,-2.818848e-01,2.467845e+00,-4.455013e-01,1.910665e-01,-9.599760e+00,-2.278818e-03,2.038164e-02,1.706872e-03,-6.641922e+00,9.936001e+01,-2.770130e+01,-1.168876e+00,-8.520114e-01,8.851990e-01,4.650795e-01,-1.114677e-02,-4.647656e-01,8.851442e-01,2.264734e-02,2.039932e-02,-1.486677e-02,9.996815e-01,-1.654328e-01,-9.636937e-02,4.994254e-01,-1.984898e-01,1.587660e-01,-9.608631e+00,
5.231139e-02,-2.829787e-01,2.467927e+00,-4.270422e-01,2.039940e-01,-9.577979e+00,-1.472271e-03,1.968517e-02,2.187755e-03,-6.640977e+00,9.934901e+01,-2.770463e+01,-1.120749e+00,-8.930297e-01,8.851866e-01,4.651271e-01,-1.006903e-02,-4.648247e-01,8.851067e-01,2.289125e-02,1.955951e-02,-1.558270e-02,9.996873e-01,-1.648318e-01,-9.650484e-02,4.996488e-01,-1.866879e-01,1.598043e-01,-9.586515e+00,
5.028425e-02,-2.850676e-01,2.467813e+00,-4.196887e-01,2.046673e-01,-9.538857e+00,-2.646555e-04,2.006344e-02,2.497306e-03,-6.640870e+00,9.934901e+01,-2.770771e+01,-1.071353e+00,-9.275573e-01,8.851764e-01,4.651682e-01,-9.024462e-03,-4.648799e-01,8.850744e-01,2.302443e-02,1.869755e-02,-1.618539e-02,9.996942e-01,-1.648367e-01,-9.659884e-02,4.998111e-01,-1.902107e-01,1.566238e-01,-9.547101e+00,
4.827345e-02,-2.850191e-01,2.467681e+00,-4.147580e-01,2.123759e-01,-9.508191e+00,4.645532e-04,1.966265e-02,2.965543e-03,-6.642246e+00,9.936001e+01,-2.771064e+01,-1.025162e+00,-9.585097e-01,8.851657e-01,4.652065e-01,-8.058450e-03,-4.649321e-01,8.850443e-01,2.312825e-02,1.789149e-02,-1.672570e-02,9.997002e-01,-1.646906e-01,-9.635381e-02,4.999482e-01,-1.917096e-01,1.608886e-01,-9.516314e+00,
4.726801e-02,-2.849944e-01,2.467613e+00,-3.937909e-01,2.040778e-01,-9.475622e+00,1.438939e-03,2.143098e-02,3.125985e-03,-6.644441e+00,9.934901e+01,-2.771446e+01,-9.678677e-01,-9.833045e-01,8.851501e-01,4.652537e-01,-6.970583e-03,-4.649991e-01,8.850112e-01,2.304686e-02,1.689168e-02,-1.715861e-02,9.997101e-01,-1.643196e-01,-9.629084e-02,5.001029e-01,-1.875654e-01,1.453402e-01,-9.483029e+00,
4.729252e-02,-2.817915e-01,2.467604e+00,-3.655954e-01,2.153252e-01,-9.460562e+00,2.676823e-03,1.749091e-02,3.873002e-03,-6.644836e+00,9.934901e+01,-2.771652e+01,-9.317184e-01,-1.000615e+00,8.851426e-01,4.652778e-01,-6.270809e-03,-4.650358e-01,8.849927e-01,2.302113e-02,1.626084e-02,-1.746083e-02,9.997154e-01,-1.636895e-01,-9.576620e-02,5.002030e-01,-1.640927e-01,1.427833e-01,-9.467574e+00,
4.824940e-02,-2.882185e-01,2.467670e+00,-3.516920e-01,2.195365e-01,-9.427727e+00,3.712606e-03,1.902094e-02,3.909680e-03,-6.645780e+00,9.936001e+01,-2.772037e+01,-8.863335e-01,-1.011804e+00,8.851224e-01,4.653262e-01,-5.477384e-03,-4.651012e-01,8.849632e-01,2.282601e-02,1.546882e-02,-1.765627e-02,9.997244e-01,-1.637033e-01,-9.700568e-02,5.003502e-01,-1.574951e-01,1.426567e-01,-9.434445e+00,
4.729274e-02,-2.817888e-01,2.467588e+00,-3.250513e-01,2.160472e-01,-9.418417e+00,4.609864e-03,1.789120e-02,4.243794e-03,-6.646005e+00,9.934901e+01,-2.772162e+01,-8.476787e-01,-1.018025e+00,8.851213e-01,4.653355e-01,-4.829304e-03,-4.651253e-01,8.849562e-01,2.260847e-02,1.479425e-02,-1.776501e-02,9.997329e-01,-1.629779e-01,-9.595728e-02,5.003955e-01,-1.416910e-01,1.294459e-01,-9.424548e+00,
4.728445e-02,-2.828578e-01,2.467598e+00,-3.025980e-01,2.222688e-01,-9.388159e+00,5.497885e-03,1.795164e-02,4.586437e-03,-6.645648e+00,9.934901e+01,-2.772668e+01,-8.090684e-01,-1.019432e+00,8.850888e-01,4.654031e-01,-4.219534e-03,-4.652080e-01,8.849201e-01,2.231719e-02,1.412044e-02,-1.778973e-02,9.997421e-01,-1.627772e-01,-9.626601e-02,5.004719e-01,-1.247678e-01,1.279438e-01,-9.393965e+00,
4.627077e-02,-2.839043e-01,2.467556e+00,-2.680542e-01,2.207832e-01,-9.377696e+00,6.354573e-03,1.812051e-02,4.512030e-03,-6.644883e+00,9.934901e+01,-2.773345e+01,-7.700024e-01,-1.016337e+00,8.850421e-01,4.654967e-01,-3.638692e-03,-4.653169e-01,8.848719e-01,2.195268e-02,1.343867e-02,-1.773590e-02,9.997524e-01,-1.627593e-01,-9.651525e-02,5.005237e-01,-1.003428e-01,1.142295e-01,-9.382892e+00,
4.427624e-02,-2.817241e-01,2.467438e+00,-2.382968e-01,2.271502e-01,-9.367751e+00,7.409207e-03,1.691001e-02,4.717599e-03,-6.644189e+00,9.933801e+01,-2.774548e+01,-7.382720e-01,-1.007865e+00,8.849511e-01,4.656733e-01,-3.212933e-03,-4.655061e-01,8.847821e-01,2.156486e-02,1.288492e-02,-1.758820e-02,9.997624e-01,-1.627095e-01,-9.613901e-02,5.005207e-01,-7.500526e-02,1.098928e-01,-9.372591e+00,
4.631945e-02,-2.774967e-01,2.467525e+00,-2.022178e-01,2.172788e-01,-9.355877e+00,8.564643e-03,1.880037e-02,4.946972e-03,-6.644922e+00,9.934901e+01,-2.775907e+01,-6.948394e-01,-9.925544e-01,8.848488e-01,4.658706e-01,-2.661665e-03,-4.657204e-01,8.846833e-01,2.097623e-02,1.212694e-02,-1.732120e-02,9.997764e-01,-1.617481e-01,-9.587123e-02,5.005600e-01,-5.280616e-02,9.014888e-02,-9.360002e+00,
4.729253e-02,-2.817898e-01,2.467592e+00,-1.794701e-01,2.198473e-01,-9.366841e+00,9.487519e-03,1.818652e-02,5.067508e-03,-6.645168e+00,9.934901e+01,-2.777613e+01,-6.534836e-01,-9.715499e-01,8.847177e-01,4.661222e-01,-2.187810e-03,-4.659878e-01,8.845580e-01,2.031645e-02,1.140519e-02,-1.695483e-02,9.997913e-01,-1.617565e-01,-9.695376e-02,5.006006e-01,-3.581181e-02,8.779754e-02,-9.370661e+00,
4.428427e-02,-2.806559e-01,2.467430e+00,-1.368909e-01,2.279692e-01,-9.355878e+00,1.054821e-02,1.666160e-02,4.878351e-03,-6.644748e+00,9.934901e+01,-2.779758e+01,-6.173795e-01,-9.428295e-01,8.845494e-01,4.664430e-01,-1.856714e-03,-4.663222e-01,8.843983e-01,1.958015e-02,1.077510e-02,-1.645378e-02,9.998066e-01,-1.620312e-01,-9.681132e-02,5.005413e-01,2.619065e-03,8.226129e-02,-9.359295e+00,
4.541937e-02,-2.635930e-01,2.467414e+00,-1.067194e-01,2.181894e-01,-9.358397e+00,1.118331e-02,1.592838e-02,5.462830e-03,-6.643667e+00,9.934901e+01,-2.782167e+01,-5.832763e-01,-9.092066e-01,8.843588e-01,4.668054e-01,-1.596103e-03,-4.666971e-01,8.842179e-01,1.878430e-02,1.017992e-02,-1.586716e-02,9.998224e-01,-1.602580e-01,-9.440503e-02,5.004532e-01,2.241067e-02,6.694166e-02,-9.361283e+00,
4.528972e-02,-2.806785e-01,2.467487e+00,-7.109133e-02,2.092599e-01,-9.379343e+00,1.193534e-02,1.296689e-02,4.926642e-03,-6.644130e+00,9.936001e+01,-2.785454e+01,-5.641088e-01,-8.704982e-01,8.840938e-01,4.673069e-01,-1.605312e-03,-4.672059e-01,8.839647e-01,1.803174e-02,9.845397e-03,-1.519174e-02,9.998362e-01,-1.618447e-01,-9.752019e-02,5.004410e-01,4.999396e-02,4.906677e-02,-9.381685e+00,
4.729265e-02,-2.817902e-01,2.467597e+00,-4.072719e-02,2.058408e-01,-9.390052e+00,1.246980e-02,1.478298e-02,4.504888e-03,-6.644567e+00,9.936001e+01,-2.788277e+01,-5.324045e-01,-8.278618e-01,8.838682e-01,4.677339e-01,-1.455465e-03,-4.676439e-01,8.837512e-01,1.711616e-02,9.292077e-03,-1.444779e-02,9.998525e-01,-1.615863e-01,-9.826078e-02,5.004016e-01,7.394816e-02,4.023629e-02,-9.392018e+00,
4.536281e-02,-2.710656e-01,2.467431e+00,-1.519392e-03,1.968537e-01,-9.413589e+00,1.314073e-02,1.316801e-02,4.435683e-03,-6.644952e+00,9.936001e+01,-2.792588e+01,-5.070501e-01,-7.799930e-01,8.835196e-01,4.683921e-01,-1.442981e-03,-4.683107e-01,8.834159e-01,1.617198e-02,8.849579e-03,-1.361249e-02,9.998683e-01,-1.610354e-01,-9.666207e-02,5.002466e-01,1.044459e-01,2.237886e-02,-9.415043e+00,
4.631951e-02,-2.774954e-01,2.467515e+00,3.279493e-02,1.875181e-01,-9.454549e+00,1.360481e-02,1.312993e-02,4.536016e-03,-6.645891e+00,9.934901e+01,-2.795942e+01,-4.807481e-01,-7.285861e-01,8.832488e-01,4.689024e-01,-1.448803e-03,-4.688296e-01,8.831584e-01,1.516524e-02,8.390539e-03,-1.271544e-02,9.998839e-01,-1.615069e-01,-9.822523e-02,5.001792e-01,1.305916e-01,6.852493e-03,-9.455561e+00,
4.531400e-02,-2.774741e-01,2.467469e+00,6.871468e-02,1.713599e-01,-9.498237e+00,1.391070e-02,1.074297e-02,4.107458e-03,-6.645314e+00,9.936001e+01,-2.800702e+01,-4.661052e-01,-6.741702e-01,8.828609e-01,4.696319e-01,-1.656617e-03,-4.695644e-01,8.827840e-01,1.420804e-02,8.134982e-03,-1.176583e-02,9.998978e-01,-1.618630e-01,-9.847940e-02,5.000392e-01,1.568765e-01,-1.594345e-02,-9.498723e+00,
4.535447e-02,-2.721384e-01,2.467466e+00,1.093878e-01,1.575848e-01,-9.527545e+00,1.401739e-02,1.221100e-02,3.639453e-03,-6.642965e+00,9.935500e+01,-2.805658e+01,-4.421653e-01,-6.183645e-01,8.824574e-01,4.703894e-01,-1.733795e-03,-4.703293e-01,8.823931e-01,1.315352e-02,7.717165e-03,-1.079197e-02,9.999121e-01,-1.615133e-01,-9.798669e-02,4.999093e-01,1.871752e-01,-3.771728e-02,-9.527564e+00,
4.534619e-02,-2.732071e-01,2.467477e+00,1.348835e-01,1.412242e-01,-9.579332e+00,1.425374e-02,1.119242e-02,3.094730e-03,-6.641581e+00,9.936001e+01,-2.811521e+01,-4.223121e-01,-5.602713e-01,8.819779e-01,4.712871e-01,-1.892590e-03,-4.712333e-01,8.819257e-01,1.209782e-02,7.370669e-03,-9.778158e-03,9.999251e-01,-1.617949e-01,-9.852772e-02,4.997818e-01,2.036512e-01,-5.490140e-02,-9.579001e+00,
4.732483e-02,-2.775232e-01,2.467604e+00,1.593541e-01,1.198089e-01,-9.639968e+00,1.423515e-02,9.441941e-03,2.511819e-03,-6.641526e+00,9.935500e+01,-2.816186e+01,-4.121136e-01,-5.018410e-01,8.815951e-01,4.720016e-01,-2.207173e-03,-4.719519e-01,8.815543e-01,1.111635e-02,7.192678e-03,-8.758442e-03,9.999359e-01,-1.620915e-01,-9.977937e-02,4.996659e-01,2.183129e-01,-7.675074e-02,-9.639253e+00,
4.737318e-02,-2.711175e-01,2.467586e+00,1.858666e-01,9.576158e-02,-9.690737e+00,1.407145e-02,9.411358e-03,2.104658e-03,-6.641145e+00,9.936001e+01,-2.822914e+01,-4.033180e-01,-4.444943e-01,8.810412e-01,4.730328e-01,-2.532328e-03,-4.729872e-01,8.810107e-01,1.016454e-02,7.039169e-03,-7.757620e-03,9.999452e-01,-1.617989e-01,-9.900986e-02,4.995030e-01,2.335947e-01,-1.020475e-01,-9.689640e+00,
4.742992e-02,-2.636402e-01,2.467536e+00,2.090796e-01,7.590953e-02,-9.754042e+00,1.395050e-02,1.032215e-02,1.707323e-03,-6.641254e+00,9.936001e+01,-2.829349e+01,-3.899504e-01,-3.879110e-01,8.805109e-01,4.740179e-01,-2.783610e-03,-4.739772e-01,8.804893e-01,9.187263e-03,6.805866e-03,-6.770117e-03,9.999540e-01,-1.613644e-01,-9.808560e-02,4.993446e-01,2.472308e-01,-1.218744e-01,-9.752684e+00,
4.834632e-02,-2.754089e-01,2.467642e+00,2.321427e-01,3.822909e-02,-9.812442e+00,1.337248e-02,7.566560e-03,9.666192e-04,-6.642029e+00,9.934901e+01,-2.836410e+01,-3.921048e-01,-3.342889e-01,8.799258e-01,4.751000e-01,-3.250011e-03,-4.750619e-01,8.799124e-01,8.385058e-03,6.843466e-03,-5.834272e-03,9.999596e-01,-1.626230e-01,-1.003193e-01,4.992224e-01,2.543215e-01,-1.589218e-01,-9.810679e+00,
4.740589e-02,-2.668433e-01,2.467552e+00,2.423909e-01,1.384297e-02,-9.881442e+00,1.306075e-02,5.821055e-03,2.400666e-04,-6.642093e+00,9.936001e+01,-2.843451e+01,-4.036953e-01,-2.820431e-01,8.793402e-01,4.761786e-01,-3.851797e-03,-4.761421e-01,8.793349e-01,7.683536e-03,7.045754e-03,-4.922439e-03,9.999632e-01,-1.624394e-01,-9.897185e-02,4.990259e-01,2.577971e-01,-1.791643e-01,-9.879438e+00,
5.140331e-02,-2.701351e-01,2.467777e+00,2.597143e-01,-1.418831e-02,-9.957776e+00,1.206526e-02,6.192319e-03,-2.177128e-04,-6.643153e+00,9.936001e+01,-2.852258e+01,-4.123049e-01,-2.349273e-01,8.786063e-01,4.775271e-01,-4.364688e-03,-4.774928e-01,8.786076e-01,7.038699e-03,7.196017e-03,-4.100137e-03,9.999658e-01,-1.624879e-01,-9.995034e-02,4.989264e-01,2.648739e-01,-2.065675e-01,-9.955508e+00,
5.140324e-02,-2.701348e-01,2.467773e+00,2.723065e-01,-3.620056e-02,-1.002626e+01,1.118649e-02,6.688721e-03,-6.912356e-04,-6.643748e+00,9.934400e+01,-2.859494e+01,-4.182507e-01,-1.928009e-01,8.780019e-01,4.786333e-01,-4.798821e-03,-4.786017e-01,8.780086e-01,6.448322e-03,7.299786e-03,-3.364915e-03,9.999678e-01,-1.628344e-01,-1.000431e-01,4.987940e-01,2.698731e-01,-2.267633e-01,-1.002383e+01,
4.940872e-02,-2.679551e-01,2.467658e+00,2.742697e-01,-6.246800e-02,-1.008971e+01,9.934880e-03,5.346689e-03,-1.231571e-03,-6.642976e+00,9.934901e+01,-2.868108e+01,-4.328924e-01,-1.581933e-01,8.772797e-01,4.799503e-01,-5.303205e-03,-4.799202e-01,8.772914e-01,6.048273e-03,7.555326e-03,-2.760912e-03,9.999677e-01,-1.633728e-01,-9.946248e-02,4.986438e-01,2.641374e-01,-2.474555e-01,-1.008714e+01,
5.141135e-02,-2.690669e-01,2.467769e+00,2.828034e-01,-8.961435e-02,-1.016716e+01,8.909682e-03,5.190381e-03,-1.529302e-03,-6.644033e+00,9.934901e+01,-2.876530e+01,-4.491670e-01,-1.296923e-01,8.765715e-01,4.812372e-01,-5.782680e-03,-4.812081e-01,8.765876e-01,5.756700e-03,7.839363e-03,-2.263486e-03,9.999669e-01,-1.635325e-01,-9.973656e-02,4.985585e-01,2.635651e-01,-2.731714e-01,-1.016440e+01,
5.139553e-02,-2.712010e-01,2.467770e+00,2.764517e-01,-1.224931e-01,-1.022687e+01,7.494397e-03,5.028516e-03,-2.181365e-03,-6.645133e+00,9.936001e+01,-2.884517e+01,-4.666411e-01,-1.092256e-01,8.758976e-01,4.824571e-01,-6.214119e-03,-4.824284e-01,8.759176e-01,5.599000e-03,8.144333e-03,-1.906283e-03,9.999651e-01,-1.640864e-01,-9.994172e-02,4.984710e-01,2.465967e-01,-2.979223e-01,-1.022403e+01,
4.940907e-02,-2.679507e-01,2.467634e+00,2.730852e-01,-1.504943e-01,-1.029019e+01,6.187446e-03,3.895146e-03,-2.465910e-03,-6.645546e+00,9.934901e+01,-2.892231e+01,-4.910610e-01,-9.641202e-02,8.752441e-01,4.836352e-01,-6.687771e-03,-4.836055e-01,8.752680e-01,5.617734e-03,8.570526e-03,-1.682645e-03,9.999619e-01,-1.644917e-01,-9.900025e-02,4.983630e-01,2.350504e-01,-3.215959e-01,-1.028720e+01,
5.146028e-02,-2.626553e-01,2.467713e+00,2.697805e-01,-1.614826e-01,-1.033671e+01,4.626357e-03,3.266709e-03,-2.592934e-03,-6.646572e+00,9.936001e+01,-2.899296e+01,-5.193919e-01,-9.269957e-02,8.746434e-01,4.847144e-01,-7.144730e-03,-4.846822e-01,8.746710e-01,5.808961e-03,9.064975e-03,-1.617846e-03,9.999576e-01,-1.640247e-01,-9.802201e-02,4.983215e-01,2.315418e-01,-3.320476e-01,-1.033356e+01,
5.343875e-02,-2.669741e-01,2.467859e+00,2.629309e-01,-1.910172e-01,-1.039075e+01,2.898481e-03,3.316209e-03,-2.896236e-03,-6.646015e+00,9.936001e+01,-2.906394e+01,-5.467517e-01,-9.834667e-02,8.740384e-01,4.857990e-01,-7.507016e-03,-4.857633e-01,8.740689e-01,6.135918e-03,9.542472e-03,-1.716394e-03,9.999531e-01,-1.643998e-01,-9.855063e-02,4.983243e-01,2.150193e-01,-3.584412e-01,-1.038742e+01,
5.340633e-02,-2.712455e-01,2.467879e+00,2.477493e-01,-2.044144e-01,-1.043264e+01,1.291968e-03,3.778277e-03,-2.815370e-03,-6.644907e+00,9.934901e+01,-2.912445e+01,-5.706315e-01,-1.126023e-01,8.735212e-01,4.867244e-01,-7.743498e-03,-4.866841e-01,8.735533e-01,6.564031e-03,9.959234e-03,-1.965183e-03,9.999484e-01,-1.650214e-01,-9.886592e-02,4.983309e-01,1.977059e-01,-3.676227e-01,-1.042923e+01,
5.444408e-02,-2.669978e-01,2.467921e+00,2.355094e-01,-2.247219e-01,-1.046166e+01,-6.661515e-04,3.315202e-03,-3.004477e-03,-6.644087e+00,9.934901e+01,-2.918771e+01,-5.962371e-01,-1.372810e-01,8.729795e-01,4.876929e-01,-7.916323e-03,-4.876461e-01,8.730121e-01,7.166535e-03,1.040611e-02,-2.395873e-03,9.999431e-01,-1.646608e-01,-9.778465e-02,4.983678e-01,1.788175e-01,-3.860040e-01,-1.045808e+01,
5.544134e-02,-2.680916e-01,2.468002e+00,2.101014e-01,-2.455494e-01,-1.049310e+01,-2.405706e-03,1.660166e-03,-2.866321e-03,-6.642725e+00,9.934901e+01,-2.924038e+01,-6.313924e-01,-1.717480e-01,8.725251e-01,4.885013e-01,-8.151230e-03,-4.884450e-01,8.725580e-01,7.998407e-03,1.101965e-02,-2.997383e-03,9.999348e-01,-1.648085e-01,-9.749219e-02,4.984260e-01,1.488992e-01,-4.008072e-01,-1.048937e+01,
5.544137e-02,-2.680901e-01,2.467992e+00,1.979593e-01,-2.473633e-01,-1.051168e+01,-4.040754e-03,2.365481e-03,-2.998497e-03,-6.642799e+00,9.936001e+01,-2.928830e+01,-6.627132e-01,-2.156083e-01,8.721109e-01,4.892390e-01,-8.246765e-03,-4.891718e-01,8.721418e-01,8.940261e-03,1.156627e-02,-3.762815e-03,9.999261e-01,-1.649417e-01,-9.688658e-02,4.984982e-01,1.383100e-01,-4.065492e-01,-1.050768e+01,
5.544942e-02,-2.670236e-01,2.467996e+00,1.730281e-01,-2.457927e-01,-1.051311e+01,-5.916520e-03,3.034952e-03,-2.489027e-03,-6.642404e+00,9.934901e+01,-2.933041e+01,-6.900668e-01,-2.700232e-01,8.717462e-01,4.898894e-01,-8.191114e-03,-4.898098e-01,8.717719e-01,1.000810e-02,1.204365e-02,-4.712435e-03,9.999164e-01,-1.648900e-01,-9.606001e-02,4.986085e-01,1.165394e-01,-4.042423e-01,-1.050899e+01,
5.338166e-02,-2.744555e-01,2.467928e+00,1.584160e-01,-2.366483e-01,-1.050862e+01,-7.470191e-03,2.329451e-03,-2.355252e-03,-6.642169e+00,9.934901e+01,-2.936539e+01,-7.206038e-01,-3.327081e-01,8.714413e-01,4.904329e-01,-8.112896e-03,-4.903387e-01,8.714598e-01,1.122787e-02,1.257658e-02,-5.806361e-03,9.999042e-01,-1.659383e-01,-9.637887e-02,4.987271e-01,1.072454e-01,-4.018963e-01,-1.050424e+01,
5.741964e-02,-2.724093e-01,2.468140e+00,1.412372e-01,-2.357881e-01,-1.049218e+01,-9.078491e-03,1.894218e-03,-2.346928e-03,-6.641708e+00,9.935500e+01,-2.939429e+01,-7.523422e-01,-4.035529e-01,8.711876e-01,4.908854e-01,-7.982850e-03,-4.907747e-01,8.711957e-01,1.258104e-02,1.313047e-02,-7.042662e-03,9.998890e-01,-1.650762e-01,-9.565652e-02,4.989242e-01,9.105673e-02,-4.067357e-01,-1.048750e+01,
5.638210e-02,-2.766567e-01,2.468096e+00,1.223208e-01,-2.174516e-01,-1.047043e+01,-1.066834e-02,2.277992e-03,-1.789998e-03,-6.642099e+00,9.934901e+01,-2.941631e+01,-7.815375e-01,-4.832220e-01,8.709930e-01,4.912345e-01,-7.738777e-03,-4.911060e-01,8.709866e-01,1.404545e-02,1.363998e-02,-8.432931e-03,9.998714e-01,-1.655578e-01,-9.546085e-02,4.990985e-01,8.074922e-02,-3.965318e-01,-1.046558e+01,
5.537672e-02,-2.766308e-01,2.468019e+00,9.201023e-02,-1.930930e-01,-1.042476e+01,-1.161274e-02,5.689116e-04,-1.790575e-03,-6.644184e+00,9.936001e+01,-2.943592e+01,-8.206007e-01,-5.681921e-01,8.708166e-01,4.915495e-01,-7.598692e-03,-4.913996e-01,8.707934e-01,1.567453e-02,1.432170e-02,-9.915646e-03,9.998484e-01,-1.656872e-01,-9.449188e-02,4.992584e-01,6.442381e-02,-3.767612e-01,-1.041995e+01,
5.832811e-02,-2.852417e-01,2.468226e+00,7.747190e-02,-1.718832e-01,-1.038018e+01,-1.299035e-02,3.136771e-03,-7.969534e-04,-6.645290e+00,9.934901e+01,-2.944617e+01,-8.449508e-01,-6.610649e-01,8.707234e-01,4.917213e-01,-7.168880e-03,-4.915524e-01,8.706764e-01,1.729612e-02,1.474664e-02,-1.153625e-02,9.998249e-01,-1.658066e-01,-9.533146e-02,4.995472e-01,5.735224e-02,-3.672729e-01,-1.037523e+01,
5.844139e-02,-2.702927e-01,2.468167e+00,5.179992e-02,-1.424316e-01,-1.032772e+01,-1.403153e-02,2.734784e-03,-6.710226e-04,-6.644347e+00,9.934901e+01,-2.945377e+01,-8.716797e-01,-7.598130e-01,8.706521e-01,4.918535e-01,-6.725039e-03,-4.916642e-01,8.705771e-01,1.902686e-02,1.521309e-02,-1.325932e-02,9.997965e-01,-1.641997e-01,-9.200381e-02,4.997364e-01,4.449860e-02,-3.459700e-01,-1.032294e+01,
5.831983e-02,-2.863127e-01,2.468248e+00,3.293844e-02,-1.111402e-01,-1.027458e+01,-1.485989e-02,1.897544e-03,9.087830e-05,-6.643321e+00,9.934901e+01,-2.945377e+01,-9.031889e-01,-8.633120e-01,8.706445e-01,4.918722e-01,-6.315294e-03,-4.916601e-01,8.705371e-01,2.086980e-02,1.576297e-02,-1.506520e-02,9.997623e-01,-1.654997e-01,-9.368926e-02,5.000324e-01,3.889787e-02,-3.273745e-01,-1.026994e+01,
5.831970e-02,-2.863099e-01,2.468231e+00,1.496163e-02,-7.613324e-02,-1.021502e+01,-1.520513e-02,1.425173e-03,6.312393e-04,-6.643896e+00,9.934400e+01,-2.945292e+01,-9.374880e-01,-9.688892e-01,8.706436e-01,4.918789e-01,-5.930383e-03,-4.916425e-01,8.704996e-01,2.276806e-02,1.636152e-02,-1.690724e-02,9.997233e-01,-1.653084e-01,-9.273681e-02,5.002699e-01,3.615689e-02,-3.062059e-01,-1.021066e+01,
5.939034e-02,-2.777906e-01,2.468257e+00,-5.775497e-03,-2.479263e-02,-1.013742e+01,-1.544087e-02,1.031543e-03,1.057557e-03,-6.643795e+00,9.934901e+01,-2.943981e+01,-9.771739e-01,-1.078210e+00,8.707460e-01,4.917015e-01,-5.600469e-03,-4.914375e-01,8.705608e-01,2.476814e-02,1.705408e-02,-1.881447e-02,9.996777e-01,-1.641596e-01,-9.047163e-02,5.004881e-01,3.955473e-02,-2.698301e-01,-1.013378e+01,
5.930103e-02,-2.895393e-01,2.468321e+00,-3.677435e-02,1.105681e-02,-1.005440e+01,-1.575011e-02,1.779451e-03,1.221790e-03,-6.643432e+00,9.933801e+01,-2.942582e+01,-1.013644e+00,-1.189962e+00,8.708562e-01,4.915104e-01,-5.202089e-03,-4.912195e-01,8.706242e-01,2.677753e-02,1.769050e-02,-2.076401e-02,9.996279e-01,-1.650392e-01,-9.141447e-02,5.007929e-01,2.571324e-02,-2.415413e-01,-1.005153e+01,
5.929297e-02,-2.906074e-01,2.468328e+00,-6.129240e-02,4.779372e-02,-9.965265e+00,-1.570090e-02,1.902333e-03,1.796888e-03,-6.643132e+00,9.934901e+01,-2.940707e+01,-1.050497e+00,-1.302254e+00,8.710068e-01,4.912474e-01,-4.808199e-03,-4.909287e-01,8.707237e-01,2.879809e-02,1.833360e-02,-2.272285e-02,9.995737e-01,-1.649112e-01,-9.062348e-02,5.010490e-01,1.800742e-02,-2.152753e-01,-9.963227e+00,
5.928456e-02,-2.916740e-01,2.468323e+00,-8.756815e-02,1.015065e-01,-9.869176e+00,-1.530572e-02,6.745308e-04,2.288271e-03,-6.643211e+00,9.933801e+01,-2.937728e+01,-1.096890e+00,-1.414160e+00,8.712488e-01,4.908206e-01,-4.569835e-03,-4.904684e-01,8.709113e-01,3.089368e-02,1.914317e-02,-2.467472e-02,9.995123e-01,-1.648408e-01,-8.982527e-02,5.012838e-01,1.862834e-02,-1.735426e-01,-9.868544e+00,
5.928478e-02,-2.916767e-01,2.468340e+00,-1.044782e-01,1.470429e-01,-9.770970e+00,-1.447728e-02,1.302346e-03,2.728205e-03,-6.642156e+00,9.934901e+01,-2.934436e+01,-1.140749e+00,-1.522194e+00,8.715173e-01,4.903456e-01,-4.329948e-03,-4.899604e-01,8.711233e-01,3.290859e-02,1.990850e-02,-2.655891e-02,9.994490e-01,-1.646640e-01,-8.890219e-02,5.015098e-01,2.335505e-02,-1.422662e-01,-9.771571e+00,
6.024951e-02,-2.970381e-01,2.468417e+00,-1.133616e-01,2.108503e-01,-9.668666e+00,-1.368340e-02,1.762378e-03,3.375230e-03,-6.642045e+00,9.934901e+01,-2.930121e+01,-1.182340e+00,-1.626232e+00,8.718733e-01,4.897144e-01,-4.098191e-03,-4.892967e-01,8.714212e-01,3.484277e-02,2.063426e-02,-2.837325e-02,9.993844e-01,-1.648078e-01,-8.901480e-02,5.017703e-01,4.404354e-02,-9.767628e-02,-9.671036e+00,
6.123879e-02,-2.991986e-01,2.468495e+00,-1.356958e-01,2.522485e-01,-9.542053e+00,-1.262389e-02,2.557974e-03,3.615195e-03,-6.641651e+00,9.934901e+01,-2.926102e+01,-1.220116e+00,-1.724834e+00,8.722041e-01,4.891268e-01,-3.855721e-03,-4.886783e-01,8.716933e-01,3.666214e-02,2.129344e-02,-3.009266e-02,9.993203e-01,-1.646517e-01,-8.865394e-02,5.020065e-01,4.181860e-02,-6.363717e-02,-9.546047e+00,
6.023348e-02,-2.991749e-01,2.468434e+00,-1.528603e-01,3.035383e-01,-9.424133e+00,-1.113979e-02,-4.705536e-04,4.003874e-03,-6.640711e+00,9.933301e+01,-2.920769e+01,-1.275762e+00,-1.815587e+00,8.726402e-01,4.883476e-01,-3.963465e-03,-4.878559e-01,8.720742e-01,3.851348e-02,2.226440e-02,-3.167481e-02,9.992502e-01,-1.647725e-01,-8.777388e-02,5.021423e-01,5.219233e-02,-2.367446e-02,-9.430085e+00,
6.022505e-02,-3.002448e-01,2.468448e+00,-1.738661e-01,3.551308e-01,-9.302510e+00,-9.532136e-03,3.811950e-04,3.736325e-03,-6.640906e+00,9.933801e+01,-2.915224e+01,-1.327286e+00,-1.897705e+00,8.730943e-01,4.875346e-01,-4.086752e-03,-4.870012e-01,8.724759e-01,4.019786e-02,2.316344e-02,-3.310626e-02,9.991835e-01,-1.648338e-01,-8.725420e-02,5.022852e-01,5.935407e-02,2.057508e-02,-9.310699e+00,
6.121439e-02,-3.024022e-01,2.468508e+00,-1.938406e-01,4.001023e-01,-9.198278e+00,-7.559357e-03,5.974548e-04,4.298882e-03,-6.640630e+00,9.933801e+01,-2.908643e+01,-1.378025e+00,-1.968964e+00,8.736347e-01,4.865637e-01,-4.301026e-03,-4.859880e-01,8.729697e-01,4.170902e-02,2.404876e-02,-3.434820e-02,9.991207e-01,-1.648560e-01,-8.712073e-02,5.024189e-01,6.489143e-02,5.983016e-02,-9.208594e+00,
