MagX, MagY, MagZ, AccX, AccY, AccZ, GyroX, GyroY, GyroZ, Temp, Pres, Yaw, Pitch, Roll, DCM1, DCM2, DCM3, DCM4, DCM5, DCM6, DCM7, DCM8, DCM9, MagNED1, MagNED2, MagNED3, AccNED1, AccNED2, ACCNED3, 
5.932466e-02,-2.861580e-01,2.473552e+00,-4.918891e-01,7.592317e-02,-9.780483e+00,-8.573703e-03,6.972728e-03,4.751691e-03,-6.025457e+00,9.936900e+01,-3.524456e+01,-1.333843e+00,-8.187882e-01,8.164752e-01,5.772804e-01,-1.076265e-02,-5.769113e-01,8.164212e-01,2.510216e-02,2.327784e-02,-1.428620e-02,9.996271e-01,-1.772373e-01,-7.472581e-02,5.001559e-01,-2.525223e-01,1.002504e-01,-9.789371e+00,
5.731757e-02,-2.850441e-01,2.473442e+00,-4.809666e-01,1.164676e-01,-9.692996e+00,-8.060950e-03,8.058104e-03,5.173720e-03,-6.025283e+00,9.935300e+01,-3.520297e+01,-1.344387e+00,-8.962464e-01,8.168902e-01,5.767041e-01,-1.015155e-02,-5.763161e-01,8.168036e-01,2.630465e-02,2.346182e-02,-1.563751e-02,9.996026e-01,-1.770582e-01,-7.385521e-02,5.003247e-01,-2.273306e-01,1.173490e-01,-9.702249e+00,
5.938149e-02,-2.786673e-01,2.473513e+00,-4.752279e-01,1.520166e-01,-9.608924e+00,-7.507339e-03,8.060961e-03,5.310993e-03,-6.025527e+00,9.935300e+01,-3.515488e+01,-1.354193e+00,-9.706438e-01,8.173702e-01,5.760334e-01,-9.565542e-03,-5.756278e-01,8.172507e-01,2.745583e-02,2.363292e-02,-1.693539e-02,9.995773e-01,-1.756864e-01,-7.266083e-02,5.005198e-01,-2.089559e-01,1.339691e-01,-9.618668e+00,
5.629387e-02,-2.871607e-01,2.473389e+00,-4.523604e-01,1.925052e-01,-9.541384e+00,-6.791532e-03,8.164349e-03,5.710770e-03,-6.025494e+00,9.936401e+01,-3.510099e+01,-1.361165e+00,-1.040332e+00,8.179089e-01,5.752775e-01,-8.991174e-03,-5.748572e-01,8.177570e-01,2.851141e-02,2.375457e-02,-1.815110e-02,9.995531e-01,-1.767136e-01,-7.326110e-02,5.006942e-01,-1.734574e-01,1.454268e-01,-9.551360e+00,
5.830084e-02,-2.882755e-01,2.473505e+00,-4.474319e-01,2.208820e-01,-9.448305e+00,-5.643220e-03,6.738623e-03,5.898588e-03,-6.025655e+00,9.934200e+01,-3.504440e+01,-1.374695e+00,-1.102820e+00,8.184718e-01,5.744827e-01,-8.586048e-03,-5.740458e-01,8.182906e-01,2.953052e-02,2.399065e-02,-1.924111e-02,9.995271e-01,-1.762381e-01,-7.330369e-02,5.008808e-01,-1.581939e-01,1.585787e-01,-9.458821e+00,
5.933283e-02,-2.850865e-01,2.473537e+00,-4.290605e-01,2.468234e-01,-9.364470e+00,-4.647275e-03,8.326161e-03,6.334012e-03,-6.026301e+00,9.936401e+01,-3.497468e+01,-1.378202e+00,-1.159259e+00,8.191684e-01,5.734959e-01,-8.107187e-03,-5.730486e-01,8.189589e-01,3.036186e-02,2.405185e-02,-2.022566e-02,9.995062e-01,-1.753899e-01,-7.271197e-02,5.010315e-01,-1.340011e-01,1.636881e-01,-9.375158e+00,
5.929209e-02,-2.904361e-01,2.473559e+00,-4.162148e-01,2.836052e-01,-9.294517e+00,-3.284892e-03,7.607694e-03,6.364403e-03,-6.026943e+00,9.934200e+01,-3.490487e+01,-1.385635e+00,-1.207912e+00,8.198634e-01,5.725067e-01,-7.764372e-03,-5.720484e-01,8.196293e-01,3.112215e-02,2.418154e-02,-2.107431e-02,9.994856e-01,-1.756949e-01,-7.335608e-02,5.011792e-01,-1.067073e-01,1.812808e-01,-9.305777e+00,
5.829257e-02,-2.893431e-01,2.473495e+00,-3.878369e-01,3.075392e-01,-9.218982e+00,-1.765697e-03,7.836323e-03,6.459477e-03,-6.027502e+00,9.935800e+01,-3.483722e+01,-1.391733e+00,-1.247975e+00,8.205362e-01,5.715457e-01,-7.488783e-03,-5.710785e-01,8.202814e-01,3.174731e-02,2.428794e-02,-2.177313e-02,9.994680e-01,-1.754897e-01,-7.296686e-02,5.012593e-01,-7.342256e-02,1.810761e-01,-9.230193e+00,
5.930834e-02,-2.882960e-01,2.473549e+00,-3.665161e-01,3.355031e-01,-9.155701e+00,-5.224489e-04,8.860554e-03,6.175290e-03,-6.026680e+00,9.934200e+01,-3.476057e+01,-1.392110e+00,-1.281094e+00,8.212993e-01,5.704519e-01,-7.206908e-03,-5.699800e-01,8.210268e-01,3.221559e-02,2.429451e-02,-2.235085e-02,9.994550e-01,-1.749613e-01,-7.290615e-02,5.013616e-01,-4.364671e-02,1.894076e-01,-9.167114e+00,
5.828474e-02,-2.904125e-01,2.473500e+00,-3.397927e-01,3.579664e-01,-9.078278e+00,1.175070e-03,7.617845e-03,6.081928e-03,-6.027449e+00,9.935800e+01,-3.467896e+01,-1.399438e+00,-1.304570e+00,8.221078e-01,5.692874e-01,-7.124648e-03,-5.688080e-01,8.218236e-01,3.261476e-02,2.442237e-02,-2.276029e-02,9.994427e-01,-1.751787e-01,-7.316608e-02,5.014090e-01,-1.088093e-02,1.913762e-01,-9.089664e+00,
5.931674e-02,-2.872254e-01,2.473543e+00,-3.232835e-01,3.684785e-01,-9.015068e+00,2.699438e-03,1.079905e-02,5.962101e-03,-6.027253e+00,9.935300e+01,-3.461034e+01,-1.388585e+00,-1.319457e+00,8.227922e-01,5.683008e-01,-6.860241e-03,-5.678254e-01,8.224987e-01,3.271239e-02,2.423302e-02,-2.302008e-02,9.994413e-01,-1.744390e-01,-7.293840e-02,5.014688e-01,5.257055e-03,1.917373e-01,-9.026347e+00,
5.626956e-02,-2.903692e-01,2.473396e+00,-3.008197e-01,3.794621e-01,-8.976012e+00,4.429971e-03,9.233608e-03,5.608724e-03,-6.027179e+00,9.935300e+01,-3.454243e+01,-1.386550e+00,-1.324416e+00,8.234653e-01,5.673257e-01,-6.820655e-03,-5.668504e-01,8.231694e-01,3.275535e-02,2.419750e-02,-2.310660e-02,9.994402e-01,-1.751205e-01,-7.328185e-02,5.014585e-01,2.878626e-02,1.888690e-01,-8.987035e+00,
5.830885e-02,-2.872030e-01,2.473485e+00,-2.757893e-01,3.915019e-01,-8.921371e+00,6.151764e-03,9.607604e-03,5.493600e-03,-6.027360e+00,9.935800e+01,-3.447828e+01,-1.381933e+00,-1.319184e+00,8.241012e-01,5.664015e-01,-6.842664e-03,-5.659292e-01,8.238081e-01,3.262687e-02,2.411695e-02,-2.301538e-02,9.994442e-01,-1.743775e-01,-7.326482e-02,5.014643e-01,5.551493e-02,1.875232e-01,-8.932075e+00,
5.826015e-02,-2.936236e-01,2.473518e+00,-2.548403e-01,3.931494e-01,-8.881133e+00,7.825895e-03,1.065307e-02,5.014490e-03,-6.026927e+00,9.934200e+01,-3.441482e+01,-1.371051e+00,-1.304025e+00,8.247312e-01,5.654835e-01,-6.871796e-03,-5.650188e-01,8.244460e-01,3.229387e-02,2.392707e-02,-2.275106e-02,9.994550e-01,-1.749827e-01,-7.461247e-02,5.014753e-01,7.317405e-02,1.813139e-01,-8.891335e+00,
5.739907e-02,-2.743393e-01,2.473365e+00,-2.372274e-01,3.981738e-01,-8.843323e+00,9.567211e-03,1.025399e-02,4.639236e-03,-6.027902e+00,9.934200e+01,-3.436479e+01,-1.362437e+00,-1.278881e+00,8.252272e-01,5.647573e-01,-7.023811e-03,-5.643003e-01,8.249554e-01,3.184099e-02,2.377677e-02,-2.231252e-02,9.994683e-01,-1.730637e-01,-7.190866e-02,5.013065e-01,9.121885e-02,1.807629e-01,-8.853146e+00,
5.728539e-02,-2.893187e-01,2.473430e+00,-2.216098e-01,3.976279e-01,-8.821669e+00,1.131829e-02,9.903071e-03,4.413213e-03,-6.028127e+00,9.935800e+01,-3.431364e+01,-1.355847e+00,-1.243847e+00,8.257329e-01,5.640142e-01,-7.302159e-03,-5.635649e-01,8.254799e-01,3.126518e-02,2.366179e-02,-2.170145e-02,9.994845e-01,-1.747302e-01,-7.466443e-02,5.012950e-01,1.056945e-01,1.773143e-01,-8.830995e+00,
5.834162e-02,-2.829224e-01,2.473463e+00,-2.011041e-01,3.841439e-01,-8.801279e+00,1.286362e-02,1.178382e-02,4.193482e-03,-6.027960e+00,9.935800e+01,-3.428342e+01,-1.338664e+00,-1.200257e+00,8.260359e-01,5.635678e-01,-7.499728e-03,-5.631333e-01,8.258045e-01,3.046423e-02,2.336196e-02,-2.094120e-02,9.995078e-01,-1.739380e-01,-7.427762e-02,5.011895e-01,1.163791e-01,1.623521e-01,-8.809690e+00,
5.833353e-02,-2.839890e-01,2.473448e+00,-1.858055e-01,3.659958e-01,-8.807745e+00,1.446209e-02,1.109619e-02,3.608667e-03,-6.029329e+00,9.935800e+01,-3.424780e+01,-1.325565e+00,-1.147779e+00,8.263902e-01,5.630434e-01,-7.845485e-03,-5.626227e-01,8.261848e-01,2.957425e-02,2.313340e-02,-2.002582e-02,9.995319e-01,-1.741679e-01,-7.499818e-02,5.010677e-01,1.216247e-01,1.464361e-01,-8.815249e+00,
5.833375e-02,-2.839864e-01,2.473434e+00,-1.706611e-01,3.434933e-01,-8.817819e+00,1.569084e-02,1.194633e-02,3.040223e-03,-6.031291e+00,9.934200e+01,-3.423026e+01,-1.307440e+00,-1.088417e+00,8.265685e-01,5.627770e-01,-8.176193e-03,-5.623738e-01,8.263907e-01,2.853782e-02,2.281716e-02,-1.899038e-02,9.995594e-01,-1.743037e-01,-7.557354e-02,5.009312e-01,1.243433e-01,1.281937e-01,-8.824350e+00,
5.529473e-02,-2.860615e-01,2.473292e+00,-1.577116e-01,3.307745e-01,-8.843593e+00,1.716455e-02,1.382306e-02,2.891379e-03,-6.030550e+00,9.935800e+01,-3.421774e+01,-1.278811e+00,-1.021086e+00,8.267006e-01,5.625791e-01,-8.430541e-03,-5.621994e-01,8.265516e-01,2.728387e-02,2.231761e-02,-1.781594e-02,9.995923e-01,-1.751010e-01,-7.624554e-02,5.007604e-01,1.302628e-01,1.207802e-01,-8.849400e+00,
5.631842e-02,-2.839454e-01,2.473346e+00,-1.455471e-01,2.986055e-01,-8.881987e+00,1.851095e-02,1.375199e-02,2.271494e-03,-6.029283e+00,9.935800e+01,-3.421412e+01,-1.249629e+00,-9.454281e-01,8.267454e-01,5.625083e-01,-8.754054e-03,-5.621536e-01,8.266271e-01,2.590554e-02,2.180842e-02,-1.649616e-02,9.996262e-01,-1.748718e-01,-7.673064e-02,5.006064e-01,1.253911e-01,9.856251e-02,-8.886765e+00,
5.635892e-02,-2.785944e-01,2.473315e+00,-1.328582e-01,2.702847e-01,-8.941476e+00,1.934910e-02,1.234997e-02,1.936660e-03,-6.029265e+00,9.935300e+01,-3.421433e+01,-1.227812e+00,-8.646486e-01,8.267502e-01,5.624937e-01,-9.232245e-03,-5.621612e-01,8.266641e-01,2.452608e-02,2.142773e-02,-1.508693e-02,9.996567e-01,-1.745363e-01,-7.659838e-02,5.003957e-01,1.247428e-01,7.882303e-02,-8.945331e+00,
5.531074e-02,-2.839260e-01,2.473307e+00,-1.194767e-01,2.299701e-01,-8.987331e+00,2.036896e-02,1.426260e-02,1.693661e-03,-6.027638e+00,9.934200e+01,-3.422063e+01,-1.193633e+00,-7.770780e-01,8.266988e-01,5.625630e-01,-9.596279e-03,-5.622591e-01,8.266432e-01,2.292831e-02,2.083132e-02,-1.355921e-02,9.996911e-01,-1.754525e-01,-7.810292e-02,5.002166e-01,1.168464e-01,5.121575e-02,-8.990162e+00,
5.635064e-02,-2.796692e-01,2.473348e+00,-1.136080e-01,1.915212e-01,-9.049613e+00,2.104402e-02,1.394825e-02,1.379194e-03,-6.026157e+00,9.934701e+01,-3.423339e+01,-1.159868e+00,-6.842811e-01,8.265834e-01,5.627251e-01,-1.001552e-02,-5.624501e-01,8.265579e-01,2.126035e-02,2.024214e-02,-1.194023e-02,9.997239e-01,-1.750671e-01,-7.835307e-02,5.000133e-01,1.045039e-01,2.980423e-02,-9.051701e+00,
5.547352e-02,-2.625240e-01,2.473202e+00,-1.053065e-01,1.620007e-01,-9.133506e+00,2.141796e-02,1.395973e-02,1.141681e-03,-6.026372e+00,9.935300e+01,-3.425162e+01,-1.125677e+00,-5.888156e-01,8.264143e-01,5.629655e-01,-1.045364e-02,-5.627197e-01,8.264166e-01,1.955082e-02,1.964550e-02,-1.027461e-02,9.997543e-01,-1.736322e-01,-7.640228e-02,4.997367e-01,9.965237e-02,1.457059e-02,-9.134995e+00,
5.539219e-02,-2.732227e-01,2.473240e+00,-8.455040e-02,1.098898e-01,-9.209803e+00,2.163976e-02,1.428553e-02,9.270762e-04,-6.027972e+00,9.935800e+01,-3.426954e+01,-1.088861e+00,-4.911211e-01,8.262485e-01,5.632009e-01,-1.087698e-02,-5.629852e-01,8.262757e-01,1.778352e-02,1.900307e-02,-8.570028e-03,9.997828e-01,-1.750139e-01,-7.889223e-02,4.995503e-01,9.220518e-02,-2.538285e-02,-9.210350e+00,
5.540016e-02,-2.721553e-01,2.473253e+00,-7.144397e-02,7.803885e-02,-9.305003e+00,2.159723e-02,1.528916e-02,7.367966e-04,-6.027683e+00,9.935300e+01,-3.429351e+01,-1.046188e+00,-3.934002e-01,8.260245e-01,5.635228e-01,-1.121549e-02,-5.633386e-01,8.260720e-01,1.595964e-02,1.825842e-02,-6.864932e-03,9.998099e-01,-1.751025e-01,-7.957276e-02,4.993459e-01,8.932233e-02,-4.379159e-02,-9.305075e+00,
5.443341e-02,-2.667834e-01,2.473176e+00,-5.150159e-02,4.615959e-02,-9.378635e+00,2.130173e-02,1.372912e-02,2.829665e-04,-6.026552e+00,9.935300e+01,-3.432444e+01,-1.011947e+00,-2.969223e-01,8.257290e-01,5.639465e-01,-1.166303e-02,-5.637906e-01,8.257951e-01,1.423827e-02,1.766090e-02,-5.181441e-03,9.998307e-01,-1.749508e-01,-7.940925e-02,4.991050e-01,9.288852e-02,-6.638103e-02,-9.378197e+00,
5.540848e-02,-2.710844e-01,2.473243e+00,-4.057604e-02,5.420003e-03,-9.467163e+00,2.095946e-02,1.560218e-02,2.071713e-04,-6.026532e+00,9.935300e+01,-3.436013e+01,-9.670718e-01,-2.021287e-01,8.253890e-01,5.644383e-01,-1.194157e-02,-5.643123e-01,8.254678e-01,1.243787e-02,1.687779e-02,-3.527302e-03,9.998514e-01,-1.754465e-01,-8.097836e-02,4.989291e-01,8.262102e-02,-9.037970e-02,-9.466460e+00,
5.544906e-02,-2.657323e-01,2.473203e+00,-2.769536e-02,-2.804839e-02,-9.543052e+00,2.034249e-02,1.459624e-02,-1.864910e-06,-6.028235e+00,9.935800e+01,-3.439686e+01,-9.271796e-01,-1.101793e-01,8.250365e-01,5.649465e-01,-1.226582e-02,-5.648479e-01,8.251254e-01,1.072809e-02,1.618163e-02,-1.922739e-03,9.998673e-01,-1.750868e-01,-8.090099e-02,4.987220e-01,7.835782e-02,-1.098784e-01,-9.542179e+00,
5.443361e-02,-2.667768e-01,2.473137e+00,-1.622571e-02,-6.973522e-02,-9.619603e+00,1.951629e-02,1.457275e-02,1.541073e-04,-6.029809e+00,9.934200e+01,-3.443885e+01,-8.882937e-01,-2.332491e-02,8.246311e-01,5.655315e-01,-1.255559e-02,-5.654584e-01,8.247266e-01,9.103117e-03,1.550303e-02,-4.070476e-04,9.998797e-01,-1.755608e-01,-8.164571e-02,4.985218e-01,6.796213e-02,-1.359059e-01,-9.618670e+00,
5.344206e-02,-2.646147e-01,2.473073e+00,2.478033e-03,-7.873135e-02,-9.689631e+00,1.874345e-02,1.469024e-02,-1.958019e-04,-6.030370e+00,9.934200e+01,-3.448492e+01,-8.498861e-01,5.824208e-02,8.241846e-01,5.661767e-01,-1.280182e-02,-5.661271e-01,8.242834e-01,7.560262e-03,1.483277e-02,1.016404e-03,9.998896e-01,-1.756743e-01,-8.184163e-02,4.983358e-01,8.151139e-02,-1.395560e-01,-9.688604e+00,
5.343388e-02,-2.656865e-01,2.473087e+00,2.590581e-02,-1.033002e-01,-9.756194e+00,1.777995e-02,1.527970e-02,-2.816329e-04,-6.029571e+00,9.935300e+01,-3.453492e+01,-8.082139e-01,1.341683e-01,8.236989e-01,5.668798e-01,-1.294735e-02,-5.668522e-01,8.237973e-01,6.067493e-03,1.410553e-02,2.341443e-03,9.998979e-01,-1.759354e-01,-8.260615e-02,4.981879e-01,8.909659e-02,-1.589788e-01,-9.755074e+00,
5.345022e-02,-2.635450e-01,2.473068e+00,3.022012e-02,-1.242360e-01,-9.802790e+00,1.649093e-02,1.526697e-02,-1.858065e-05,-6.029338e+00,9.934200e+01,-3.458527e+01,-7.665397e-01,2.026973e-01,8.232087e-01,5.675896e-01,-1.302213e-02,-5.675814e-01,8.233041e-01,4.681324e-03,1.337824e-02,3.537411e-03,9.999043e-01,-1.758152e-01,-8.282068e-02,4.980559e-01,8.201558e-02,-1.653264e-01,-9.801888e+00,
5.347474e-02,-2.603372e-01,2.473070e+00,3.703573e-02,-1.364575e-01,-9.870705e+00,1.545363e-02,1.426889e-02,-5.847612e-04,-6.029175e+00,9.935800e+01,-3.465277e+01,-7.301392e-01,2.655546e-01,8.225463e-01,5.685469e-01,-1.311778e-02,-5.685555e-01,8.226379e-01,3.432971e-03,1.274299e-02,4.634409e-03,9.999081e-01,-1.756150e-01,-8.275160e-02,4.979365e-01,8.236288e-02,-1.671978e-01,-9.869958e+00,
5.144322e-02,-2.624334e-01,2.472974e+00,3.852780e-02,-1.609915e-01,-9.924967e+00,1.423596e-02,1.462911e-02,-6.830878e-04,-6.027199e+00,9.935800e+01,-3.471101e+01,-6.912298e-01,3.218129e-01,8.219748e-01,5.693729e-01,-1.311516e-02,-5.693961e-01,8.220603e-01,2.252461e-03,1.206394e-02,5.616257e-03,9.999115e-01,-1.762368e-01,-8.327613e-02,4.978125e-01,7.017225e-02,-1.766379e-01,-9.924528e+00,
5.355584e-02,-2.496356e-01,2.473013e+00,5.906991e-02,-1.697611e-01,-9.982425e+00,1.294204e-02,1.480892e-02,-2.804805e-04,-6.028596e+00,9.935300e+01,-3.478440e+01,-6.508968e-01,3.708421e-01,8.212515e-01,5.704178e-01,-1.302229e-02,-5.704533e-01,8.213292e-01,1.164872e-03,1.136005e-02,6.471953e-03,9.999145e-01,-1.745985e-01,-8.185152e-02,4.977639e-01,8.167050e-02,-1.847546e-01,-9.981998e+00,
5.246718e-02,-2.603107e-01,2.472990e+00,5.850600e-02,-1.754739e-01,-1.003541e+01,1.118877e-02,1.465176e-02,-2.421581e-04,-6.030219e+00,9.935800e+01,-3.486105e+01,-6.109676e-01,4.101638e-01,8.204940e-01,5.715109e-01,-1.284116e-02,-5.715557e-01,8.205633e-01,2.208389e-04,1.066319e-02,7.158240e-03,9.999175e-01,-1.759332e-01,-8.362821e-02,4.976956e-01,7.658484e-02,-1.796430e-01,-1.003521e+01,
5.254833e-02,-2.496115e-01,2.472945e+00,6.489723e-02,-1.853856e-01,-1.007415e+01,9.741114e-03,1.416643e-02,-6.891067e-05,-6.030998e+00,9.935300e+01,-3.493784e+01,-5.732549e-01,4.414532e-01,8.197328e-01,5.726073e-01,-1.261402e-02,-5.726588e-01,8.197936e-01,-5.865607e-04,1.000502e-02,7.704350e-03,9.999204e-01,-1.747669e-01,-8.216279e-02,4.976739e-01,7.412076e-02,-1.832328e-01,-1.007413e+01,
5.449842e-02,-2.582172e-01,2.473100e+00,6.444209e-02,-1.996847e-01,-1.012380e+01,8.313992e-03,1.446756e-02,4.677329e-05,-6.030425e+00,9.935800e+01,-3.501511e+01,-5.339678e-01,4.644602e-01,8.189652e-01,5.737117e-01,-1.228363e-02,-5.737675e-01,8.190172e-01,-1.291839e-03,9.319361e-03,8.105920e-03,9.999237e-01,-1.753409e-01,-8.382327e-02,4.976920e-01,6.257141e-02,-1.874416e-01,-1.012404e+01,
5.245901e-02,-2.613826e-01,2.473005e+00,7.432914e-02,-2.034012e-01,-1.017165e+01,6.823920e-03,1.276388e-02,2.213196e-04,-6.030238e+00,9.935300e+01,-3.509169e+01,-5.039620e-01,4.791783e-01,8.182015e-01,5.748063e-01,-1.200453e-02,-5.748643e-01,8.182468e-01,-1.786655e-03,8.795684e-03,8.362819e-03,9.999264e-01,-1.759687e-01,-8.411032e-02,4.976721e-01,6.600577e-02,-1.909883e-01,-1.017195e+01,
5.255645e-02,-2.485437e-01,2.472952e+00,8.338927e-02,-2.090789e-01,-1.020904e+01,5.643064e-03,1.317195e-02,2.871024e-04,-6.029327e+00,9.935800e+01,-3.517305e+01,-4.708127e-01,4.875965e-01,8.173883e-01,5.759701e-01,-1.161878e-02,-5.760286e-01,8.174266e-01,-2.222964e-03,8.217140e-03,8.509776e-03,9.999300e-01,-1.744887e-01,-8.212285e-02,4.977131e-01,6.635486e-02,-1.962469e-01,-1.020942e+01,
5.148405e-02,-2.570820e-01,2.472943e+00,9.710670e-02,-2.132236e-01,-1.024351e+01,3.703634e-03,1.185914e-02,4.883308e-04,-6.028134e+00,9.935800e+01,-3.524356e+01,-4.435070e-01,4.859257e-01,8.166820e-01,5.769790e-01,-1.121549e-02,-5.770361e-01,8.167151e-01,-2.459840e-03,7.740581e-03,8.480648e-03,9.999341e-01,-1.754788e-01,-8.322826e-02,4.977465e-01,7.116579e-02,-2.049796e-01,-1.024390e+01,
5.346652e-02,-2.614070e-01,2.473072e+00,9.722494e-02,-2.044438e-01,-1.027684e+01,2.573481e-03,1.190324e-02,6.261301e-04,-6.028680e+00,9.935300e+01,-3.532345e+01,-4.151192e-01,4.782885e-01,8.158796e-01,5.781221e-01,-1.073763e-02,-5.781765e-01,8.159077e-01,-2.621896e-03,7.245134e-03,8.347394e-03,9.999390e-01,-1.755215e-01,-8.395111e-02,4.978364e-01,7.147916e-02,-1.960757e-01,-1.027721e+01,
5.246700e-02,-2.603138e-01,2.473006e+00,1.048752e-01,-1.989695e-01,-1.030292e+01,1.083150e-03,1.197142e-02,1.196945e-03,-6.029073e+00,9.935800e+01,-3.539526e+01,-3.867365e-01,4.618438e-01,8.151571e-01,5.791507e-01,-1.017089e-02,-5.792006e-01,8.151807e-01,-2.661377e-03,6.749773e-03,8.060425e-03,9.999447e-01,-1.753769e-01,-8.348051e-02,4.979200e-01,7.504629e-02,-1.955200e-01,-1.030324e+01,
5.249952e-02,-2.560315e-01,2.472973e+00,1.172382e-01,-1.837724e-01,-1.030536e+01,-4.850494e-04,1.245407e-02,1.478358e-03,-6.029566e+00,9.936900e+01,-3.546560e+01,-3.555363e-01,4.364196e-01,8.144484e-01,5.801589e-01,-9.473222e-03,-5.802030e-01,8.144678e-01,-2.603417e-03,6.205239e-03,7.616740e-03,9.999518e-01,-1.746582e-01,-8.258959e-02,4.980466e-01,8.649220e-02,-1.908695e-01,-1.030554e+01,
5.345846e-02,-2.624734e-01,2.473056e+00,1.260477e-01,-1.780445e-01,-1.032329e+01,-1.508767e-03,1.139264e-02,1.519637e-03,-6.030746e+00,9.934701e+01,-3.553596e+01,-3.300657e-01,4.051451e-01,8.137374e-01,5.811662e-01,-8.797456e-03,-5.812042e-01,8.137542e-01,-2.405963e-03,5.760702e-03,7.070940e-03,9.999584e-01,-1.749790e-01,-8.337270e-02,4.981885e-01,8.991499e-02,-1.933065e-01,-1.032339e+01,
4.840446e-02,-2.645020e-01,2.472795e+00,1.172265e-01,-1.635218e-01,-1.030190e+01,-2.807506e-03,1.147423e-02,2.026357e-03,-6.030385e+00,9.935800e+01,-3.560862e+01,-3.034121e-01,3.667552e-01,8.130019e-01,5.822060e-01,-8.032214e-03,-5.822373e-01,8.130163e-01,-2.120906e-03,5.295516e-03,6.400954e-03,9.999657e-01,-1.756966e-01,-8.277027e-02,4.982892e-01,8.284906e-02,-1.793501e-01,-1.030197e+01,
5.243462e-02,-2.645947e-01,2.473032e+00,1.223336e-01,-1.509052e-01,-1.031372e+01,-3.852885e-03,9.662707e-03,2.003169e-03,-6.029498e+00,9.935800e+01,-3.567171e+01,-2.855755e-01,3.231415e-01,8.123615e-01,5.831081e-01,-7.337794e-03,-5.831330e-01,8.123751e-01,-1.675209e-03,4.984212e-03,5.639784e-03,9.999717e-01,-1.748354e-01,-8.281463e-02,4.984957e-01,8.706505e-02,-1.766507e-01,-1.031367e+01,
5.345029e-02,-2.635471e-01,2.473082e+00,1.138282e-01,-1.301685e-01,-1.030300e+01,-4.997876e-03,9.904841e-03,2.542630e-03,-6.029100e+00,9.935300e+01,-3.573833e+01,-2.649640e-01,2.737071e-01,8.116844e-01,5.840598e-01,-6.543826e-03,-5.840782e-01,8.116966e-01,-1.176461e-03,4.624478e-03,4.777021e-03,9.999780e-01,-1.742651e-01,-8.231779e-02,4.986865e-01,8.378740e-02,-1.600209e-01,-1.030287e+01,
5.241816e-02,-2.667355e-01,2.473046e+00,1.160219e-01,-1.048372e-01,-1.028302e+01,-5.787532e-03,8.567912e-03,2.534419e-03,-6.028185e+00,9.935800e+01,-3.580373e+01,-2.511764e-01,2.199722e-01,8.110180e-01,5.849925e-01,-5.801373e-03,-5.850049e-01,8.110297e-01,-5.491407e-04,4.383842e-03,3.839194e-03,9.999831e-01,-1.744964e-01,-8.218172e-02,4.988569e-01,9.242246e-02,-1.472526e-01,-1.028274e+01,
5.138642e-02,-2.699243e-01,2.473012e+00,1.086566e-01,-8.385641e-02,-1.026230e+01,-6.732050e-03,7.570902e-03,2.846244e-03,-6.027495e+00,9.935300e+01,-3.586408e+01,-2.430408e-01,1.607198e-01,8.104018e-01,5.858526e-01,-5.081020e-03,-5.858592e-01,8.104129e-01,2.118722e-04,4.241850e-03,2.805061e-03,9.999871e-01,-1.747321e-01,-8.199279e-02,4.990356e-01,9.107093e-02,-1.337901e-01,-1.026194e+01,
5.238577e-02,-2.710163e-01,2.473071e+00,1.025770e-01,-6.152070e-02,-1.021995e+01,-6.983909e-03,7.966908e-03,2.923758e-03,-6.027462e+00,9.935800e+01,-3.591968e+01,-2.325200e-01,9.981615e-02,8.098336e-01,5.866441e-01,-4.308526e-03,-5.866458e-01,8.098431e-01,9.699195e-04,4.058228e-03,1.742106e-03,9.999903e-01,-1.743948e-01,-8.172312e-02,4.992433e-01,9.101245e-02,-1.199110e-01,-1.021954e+01,
5.239387e-02,-2.699479e-01,2.473077e+00,8.844041e-02,-3.715931e-02,-1.018465e+01,-7.585929e-03,6.757332e-03,3.416900e-03,-6.026747e+00,9.935800e+01,-3.597554e+01,-2.288268e-01,3.531509e-02,8.092613e-01,5.874378e-01,-3.594107e-03,-5.874352e-01,8.092691e-01,1.847296e-03,3.993771e-03,6.163595e-04,9.999918e-01,-1.739993e-01,-8.095452e-02,4.994400e-01,8.634734e-02,-1.008389e-01,-1.018423e+01,
5.241014e-02,-2.678078e-01,2.473067e+00,7.887112e-02,-8.446213e-03,-1.014221e+01,-7.848887e-03,5.547247e-03,3.884498e-03,-6.026697e+00,9.935300e+01,-3.600578e+01,-2.340043e-01,-3.216002e-02,8.089510e-01,5.878687e-01,-2.973923e-03,-5.878620e-01,8.089563e-01,2.854994e-03,4.084135e-03,-5.612936e-04,9.999916e-01,-1.734940e-01,-8.003563e-02,4.996267e-01,8.899978e-02,-8.215392e-02,-1.014180e+01,
5.446546e-02,-2.625032e-01,2.473151e+00,5.727107e-02,1.994930e-02,-1.010742e+01,-7.963847e-03,6.038929e-03,4.074268e-03,-6.025951e+00,9.936900e+01,-3.604725e+01,-2.400031e-01,-1.027575e-01,8.085250e-01,5.884573e-01,-2.331436e-03,-5.884471e-01,8.085264e-01,3.914990e-03,4.188832e-03,-1.793440e-03,9.999897e-01,-1.723326e-01,-7.880128e-02,4.998376e-01,8.160921e-02,-5.714191e-02,-1.010711e+01,
5.436836e-02,-2.753418e-01,2.473205e+00,5.193367e-02,5.201471e-02,-1.006411e+01,-8.093671e-03,4.123690e-03,4.172506e-03,-6.027481e+00,9.935800e+01,-3.608247e+01,-2.590363e-01,-1.754533e-01,8.081620e-01,5.889577e-01,-1.850237e-03,-5.889432e-01,8.081583e-01,5.137444e-03,4.521021e-03,-3.062202e-03,9.999852e-01,-1.735790e-01,-8.002459e-02,5.000331e-01,9.122626e-02,-4.025365e-02,-1.006388e+01,
5.333635e-02,-2.785288e-01,2.473160e+00,2.814245e-02,7.907205e-02,-1.001472e+01,-8.154108e-03,2.627861e-03,4.147894e-03,-6.028245e+00,9.935800e+01,-3.610678e+01,-2.882868e-01,-2.492273e-01,8.079101e-01,5.893041e-01,-1.501722e-03,-5.892845e-01,8.078997e-01,6.479323e-03,5.031532e-03,-4.349769e-03,9.999780e-01,-1.739503e-01,-7.964910e-02,5.001933e-01,8.437338e-02,-1.759024e-02,-1.001470e+01,
5.639977e-02,-2.732454e-01,2.473297e+00,2.029415e-02,1.128664e-01,-9.965669e+00,-7.765447e-03,3.350616e-03,4.223333e-03,-6.028330e+00,9.935300e+01,-3.612170e+01,-3.146050e-01,-3.215038e-01,8.077545e-01,5.895180e-01,-1.127412e-03,-5.894935e-01,8.077358e-01,7.769424e-03,5.490866e-03,-5.611185e-03,9.999692e-01,-1.727339e-01,-7.849421e-02,5.003836e-01,9.416489e-02,1.775473e-03,-9.965884e+00,
5.544091e-02,-2.668055e-01,2.473230e+00,8.846762e-03,1.412670e-01,-9.902926e+00,-7.430420e-03,2.248318e-03,4.472589e-03,-6.027105e+00,9.935800e+01,-3.613544e+01,-3.479465e-01,-3.926222e-01,8.076104e-01,5.897159e-01,-8.635197e-04,-5.896853e-01,8.075818e-01,9.115257e-03,6.072775e-03,-6.852371e-03,9.999582e-01,-1.720536e-01,-7.669374e-02,5.005120e-01,9.900352e-02,1.860015e-02,-9.903427e+00,
5.533509e-02,-2.807154e-01,2.473291e+00,-8.785273e-03,1.622429e-01,-9.859468e+00,-6.735926e-03,2.156335e-03,4.706779e-03,-6.027199e+00,9.935300e+01,-3.614455e+01,-3.825540e-01,-4.602936e-01,8.075135e-01,5.898488e-01,-6.531477e-04,-5.898113e-01,8.074738e-01,1.042535e-02,6.676777e-03,-8.033374e-03,9.999455e-01,-1.735210e-01,-7.810993e-02,5.006803e-01,9.504422e-02,3.340018e-02,-9.860292e+00,
5.533526e-02,-2.807126e-01,2.473274e+00,-2.955983e-02,1.824486e-01,-9.813277e+00,-6.176354e-03,5.657749e-04,4.452722e-03,-6.027563e+00,9.935800e+01,-3.614552e+01,-4.277259e-01,-5.259018e-01,8.074992e-01,5.898687e-01,-6.141388e-04,-5.898217e-01,8.074472e-01,1.181496e-02,7.465157e-03,-9.178336e-03,9.999301e-01,-1.735033e-01,-7.740937e-02,5.007920e-01,8.977786e-02,4.880914e-02,-9.814487e+00,
5.735854e-02,-2.796863e-01,2.473373e+00,-5.036173e-02,2.061179e-01,-9.772057e+00,-5.247630e-03,-2.387896e-04,4.716405e-03,-6.029632e+00,9.936900e+01,-3.614350e+01,-4.783224e-01,-5.870875e-01,8.075142e-01,5.898477e-01,-6.977299e-04,-5.897891e-01,8.074495e-01,1.319802e-02,8.348204e-03,-1.024607e-02,9.999127e-01,-1.731217e-01,-7.678960e-02,5.009037e-01,8.772863e-02,6.716079e-02,-9.773735e+00,
5.633471e-02,-2.818036e-01,2.473325e+00,-7.563633e-02,2.306320e-01,-9.720249e+00,-4.322455e-03,1.202137e-03,4.563869e-03,-6.029760e+00,9.935800e+01,-3.614000e+01,-5.222173e-01,-6.437579e-01,8.075449e-01,5.898058e-01,-7.338068e-04,-5.897359e-01,8.074670e-01,1.444842e-02,9.114286e-03,-1.123499e-02,9.998955e-01,-1.735258e-01,-7.638033e-02,5.009871e-01,8.208115e-02,9.039098e-02,-9.722513e+00,
5.835776e-02,-2.807778e-01,2.473425e+00,-9.411772e-02,2.455314e-01,-9.697611e+00,-3.497772e-03,1.619343e-04,4.119386e-03,-6.029911e+00,9.935800e+01,-3.613426e+01,-5.719888e-01,-6.944114e-01,8.075972e-01,5.897338e-01,-9.153881e-04,-5.896500e-01,8.075069e-01,1.567443e-02,9.982923e-03,-1.211887e-02,9.998768e-01,-1.731881e-01,-7.585017e-02,5.010694e-01,7.766601e-02,1.017603e-01,-9.700331e+00,
5.734239e-02,-2.818231e-01,2.473365e+00,-1.157075e-01,2.517666e-01,-9.647349e+00,-2.594255e-03,5.538763e-04,4.142870e-03,-6.031534e+00,9.935300e+01,-3.612389e+01,-6.195820e-01,-7.395884e-01,8.076970e-01,5.895970e-01,-1.124207e-03,-5.894989e-01,8.075946e-01,1.680068e-02,1.081354e-02,-1.290714e-02,9.998583e-01,-1.735484e-01,-7.536195e-02,5.011079e-01,6.582987e-02,1.094527e-01,-9.650483e+00,
5.429549e-02,-2.849661e-01,2.473214e+00,-1.384138e-01,2.563716e-01,-9.621592e+00,-1.826171e-03,-1.706315e-03,3.613134e-03,-6.031839e+00,9.935800e+01,-3.611044e+01,-6.806698e-01,-7.805612e-01,8.078255e-01,5.894197e-01,-1.567876e-03,-5.893021e-01,8.077121e-01,1.800628e-02,1.187965e-02,-1.362198e-02,9.998367e-01,-1.745631e-01,-7.493719e-02,5.010949e-01,5.438177e-02,1.153928e-01,-9.625156e+00,
6.034052e-02,-2.851026e-01,2.473555e+00,-1.627361e-01,2.633840e-01,-9.585036e+00,-5.814680e-04,-9.620941e-07,3.768292e-03,-6.030792e+00,9.935800e+01,-3.609614e+01,-7.328913e-01,-8.150166e-01,8.079636e-01,5.892294e-01,-1.954376e-03,-5.890937e-01,8.078408e-01,1.902857e-02,1.279102e-02,-1.422308e-02,9.998171e-01,-1.738331e-01,-7.515623e-02,5.011838e-01,4.244153e-02,1.262496e-01,-9.589111e+00,
5.934909e-02,-2.829393e-01,2.473485e+00,-1.947649e-01,2.669480e-01,-9.570395e+00,5.881760e-04,1.371744e-04,3.539681e-03,-6.031385e+00,9.935300e+01,-3.607485e+01,-7.860476e-01,-8.438482e-01,8.081724e-01,5.889411e-01,-2.414800e-03,-5.887862e-01,8.080419e-01,1.998066e-02,1.371869e-02,-1.472601e-02,9.997975e-01,-1.739440e-01,-7.430373e-02,5.011546e-01,2.292359e-02,1.391573e-01,-9.575061e+00,
5.835009e-02,-2.818466e-01,2.473428e+00,-2.189742e-01,2.603193e-01,-9.561598e+00,1.662073e-03,-9.346391e-04,3.033812e-03,-6.031852e+00,9.935800e+01,-3.605337e+01,-8.469681e-01,-8.673987e-01,8.083809e-01,5.886521e-01,-3.039771e-03,-5.884744e-01,8.082449e-01,2.093761e-02,1.478184e-02,-1.513673e-02,9.997762e-01,-1.742571e-01,-7.361136e-02,5.011015e-01,5.288003e-03,1.390655e-01,-9.566636e+00,
5.933284e-02,-2.850809e-01,2.473505e+00,-2.399392e-01,2.711086e-01,-9.523894e+00,2.762883e-03,-9.313837e-04,2.668682e-03,-6.030630e+00,9.935300e+01,-3.602912e+01,-9.091471e-01,-8.854864e-01,8.086164e-01,5.883244e-01,-3.740347e-03,-5.881223e-01,8.084774e-01,2.182973e-02,1.586695e-02,-1.545209e-02,9.997547e-01,-1.747814e-01,-7.383668e-02,5.010732e-01,1.103688e-03,1.523948e-01,-9.529555e+00,
6.336290e-02,-2.851726e-01,2.473737e+00,-2.721367e-01,2.521919e-01,-9.505794e+00,3.449111e-03,-1.877537e-03,2.662332e-03,-6.029514e+00,9.935300e+01,-3.600389e+01,-9.768377e-01,-8.990872e-01,8.088596e-01,5.879842e-01,-4.565885e-03,-5.877547e-01,8.087204e-01,2.271436e-02,1.704821e-02,-1.568911e-02,9.997317e-01,-1.745554e-01,-7.392727e-02,5.010526e-01,-2.843311e-02,1.479843e-01,-9.511839e+00,
5.934123e-02,-2.840120e-01,2.473510e+00,-2.932990e-01,2.509698e-01,-9.494409e+00,4.323587e-03,8.312453e-04,2.400324e-03,-6.029712e+00,9.936401e+01,-3.596069e+01,-1.028777e+00,-9.074848e-01,8.092896e-01,5.873867e-01,-5.230457e-03,-5.871355e-01,8.091516e-01,2.336169e-02,1.795457e-02,-1.583538e-02,9.997135e-01,-1.753080e-01,-7.311251e-02,5.009279e-01,-4.028745e-02,1.534735e-01,-9.500929e+00,
6.437074e-02,-2.851948e-01,2.473793e+00,-3.146007e-01,2.461880e-01,-9.475223e+00,5.509114e-03,-4.027046e-04,2.344526e-03,-6.029402e+00,9.935300e+01,-3.592641e+01,-1.088190e+00,-9.090188e-01,8.096253e-01,5.869160e-01,-6.068170e-03,-5.866400e-01,8.094926e-01,2.398848e-02,1.899136e-02,-1.586185e-02,9.996939e-01,-1.750420e-01,-7.363541e-02,5.009039e-01,-5.271970e-02,1.565485e-01,-9.482203e+00,
6.236362e-02,-2.840787e-01,2.473670e+00,-3.246261e-01,2.377421e-01,-9.473685e+00,6.408951e-03,3.398666e-04,2.322663e-03,-6.029822e+00,9.935800e+01,-3.588140e+01,-1.143803e+00,-9.054303e-01,8.100705e-01,5.862919e-01,-6.909915e-03,-5.859927e-01,8.099459e-01,2.450169e-02,1.996180e-02,-1.579893e-02,9.996759e-01,-1.755788e-01,-7.312293e-02,5.007640e-01,-5.812135e-02,1.506654e-01,-9.480851e+00,
6.437075e-02,-2.851932e-01,2.473783e+00,-3.473055e-01,2.248636e-01,-9.474090e+00,6.954722e-03,-7.557425e-04,1.889468e-03,-6.030152e+00,9.935300e+01,-3.583443e+01,-1.207249e+00,-8.991409e-01,8.105323e-01,5.856410e-01,-7.891720e-03,-5.853150e-01,8.104189e-01,2.505513e-02,2.106891e-02,-1.568885e-02,9.996551e-01,-1.758173e-01,-7.337752e-02,5.006683e-01,-7.504611e-02,1.481424e-01,-9.481667e+00,
6.235561e-02,-2.851462e-01,2.473658e+00,-3.702402e-01,2.113881e-01,-9.468707e+00,8.169780e-03,1.713071e-03,1.733789e-03,-6.031873e+00,9.935300e+01,-3.578484e+01,-1.258643e+00,-8.866816e-01,8.110229e-01,5.849487e-01,-8.768015e-03,-5.846019e-01,8.109227e-01,2.539627e-02,2.196570e-02,-1.547116e-02,9.996390e-01,-1.764833e-01,-7.312807e-02,5.005114e-01,-9.360030e-02,1.473927e-01,-9.476692e+00,
6.233918e-02,-2.872887e-01,2.473683e+00,-3.926476e-01,1.916545e-01,-9.463663e+00,8.838044e-03,1.478955e-03,1.687304e-03,-6.030898e+00,9.935800e+01,-3.573683e+01,-1.312284e+00,-8.704371e-01,8.114954e-01,5.842782e-01,-9.714589e-03,-5.839099e-01,8.114114e-01,2.570547e-02,2.290167e-02,-1.518743e-02,9.996224e-01,-1.771226e-01,-7.344355e-02,5.003819e-01,-1.147165e-01,1.415136e-01,-9.471992e+00,
6.350124e-02,-2.669810e-01,2.473646e+00,-4.077473e-01,1.713647e-01,-9.485747e+00,9.302773e-03,1.923658e-03,1.666760e-03,-6.030613e+00,9.935800e+01,-3.568713e+01,-1.363563e+00,-8.511735e-01,8.119845e-01,5.835816e-01,-1.065973e-02,-5.831937e-01,8.119187e-01,2.594596e-02,2.379642e-02,-1.485103e-02,9.996065e-01,-1.751136e-01,-7.050049e-02,5.001780e-01,-1.299637e-01,1.308131e-01,-9.494264e+00,
6.135596e-02,-2.840538e-01,2.473599e+00,-4.139303e-01,1.502429e-01,-9.486650e+00,9.689929e-03,1.829127e-03,1.581285e-03,-6.031342e+00,9.935800e+01,-3.563168e+01,-1.415548e+00,-8.293596e-01,8.125308e-01,5.828019e-01,-1.164388e-02,-5.823946e-01,8.124853e-01,2.615466e-02,2.470347e-02,-1.447013e-02,9.995901e-01,-1.777234e-01,-7.293610e-02,5.000531e-01,-1.383079e-01,1.150208e-01,-9.495162e+00,
6.542692e-02,-2.787948e-01,2.473804e+00,-4.134746e-01,1.396021e-01,-9.487002e+00,1.025663e-02,3.968248e-03,1.795557e-03,-6.031055e+00,9.936401e+01,-3.558502e+01,-1.455296e+00,-8.042131e-01,8.129907e-01,5.821431e-01,-1.248460e-02,-5.817227e-01,8.129654e-01,2.619188e-02,2.539697e-02,-1.403118e-02,9.995791e-01,-1.768751e-01,-7.269959e-02,4.999549e-01,-1.364412e-01,1.055368e-01,-9.495469e+00,
6.340375e-02,-2.798185e-01,2.473687e+00,-4.229243e-01,1.264309e-01,-9.488898e+00,1.053895e-02,3.326735e-03,1.530587e-03,-6.031733e+00,9.936401e+01,-3.553025e+01,-1.497013e+00,-7.765497e-01,8.135310e-01,5.813675e-01,-1.338261e-02,-5.809344e-01,8.135283e-01,2.621010e-02,2.612484e-02,-1.354831e-02,9.995669e-01,-1.776622e-01,-7.279183e-02,4.997733e-01,-1.435730e-01,9.984140e-02,-9.497551e+00,
6.241237e-02,-2.776549e-01,2.473618e+00,-4.221576e-01,1.135064e-01,-9.485727e+00,1.083811e-02,5.159272e-03,1.549516e-03,-6.032240e+00,9.935300e+01,-3.547995e+01,-1.527941e+00,-7.467993e-01,8.140292e-01,5.806519e-01,-1.414648e-02,-5.802118e-01,8.140478e-01,2.608882e-02,2.666443e-02,-1.302911e-02,9.995596e-01,-1.778828e-01,-7.256575e-02,4.996103e-01,-1.435512e-01,8.986896e-02,-9.494286e+00,
6.340393e-02,-2.798170e-01,2.473685e+00,-4.201195e-01,8.524685e-02,-9.501245e+00,1.132622e-02,5.383960e-03,2.035499e-03,-6.033390e+00,9.936900e+01,-3.542675e+01,-1.558845e+00,-7.140312e-01,8.145557e-01,5.798929e-01,-1.494168e-02,-5.794472e-01,8.145974e-01,2.592232e-02,2.720363e-02,-1.245726e-02,9.995523e-01,-1.782834e-01,-7.324916e-02,4.994846e-01,-1.508122e-01,6.658457e-02,-9.509482e+00,
6.445999e-02,-2.734208e-01,2.473712e+00,-4.156229e-01,7.576488e-02,-9.505136e+00,1.131550e-02,5.970357e-03,2.019428e-03,-6.032607e+00,9.935800e+01,-3.537380e+01,-1.585689e+00,-6.807139e-01,8.150803e-01,5.791357e-01,-1.568424e-02,-5.786868e-01,8.151447e-01,2.570561e-02,2.767196e-02,-1.187587e-02,9.995466e-01,-1.777148e-01,-7.265218e-02,4.993379e-01,-1.458071e-01,5.793950e-02,-9.513227e+00,
6.441919e-02,-2.787698e-01,2.473731e+00,-4.135717e-01,5.609388e-02,-9.518005e+00,1.130047e-02,5.771155e-03,2.299436e-03,-6.032707e+00,9.935800e+01,-3.531357e+01,-1.612686e+00,-6.463411e-01,8.156776e-01,5.782733e-01,-1.644249e-02,-5.778221e-01,8.157654e-01,2.547196e-02,2.814296e-02,-1.127608e-02,9.995404e-01,-1.785902e-01,-7.376645e-02,4.992068e-01,-1.484040e-01,4.228808e-02,-9.525904e+00,
6.543488e-02,-2.777224e-01,2.473784e+00,-4.110173e-01,4.785258e-02,-9.535171e+00,1.114412e-02,4.736285e-03,2.681771e-03,-6.032745e+00,9.936401e+01,-3.526093e+01,-1.645660e+00,-6.126509e-01,8.161947e-01,5.775188e-01,-1.727518e-02,-5.770629e-01,8.163074e-01,2.530895e-02,2.871825e-02,-1.068816e-02,9.995304e-01,-1.786555e-01,-7.395636e-02,4.990645e-01,-1.431126e-01,3.492010e-02,-9.543008e+00,
6.242060e-02,-2.765871e-01,2.473627e+00,-4.167020e-01,2.856530e-02,-9.538065e+00,1.130275e-02,5.637559e-03,2.960152e-03,-6.031329e+00,9.934200e+01,-3.519658e+01,-1.675032e+00,-5.781125e-01,8.168302e-01,5.765953e-01,-1.806988e-02,-5.761373e-01,8.169678e-01,2.509239e-02,2.923066e-02,-1.008549e-02,9.995220e-01,-1.792928e-01,-7.375803e-02,4.988648e-01,-1.515525e-01,2.408169e-02,-9.545974e+00,
6.444386e-02,-2.755627e-01,2.473736e+00,-4.123302e-01,8.946332e-03,-9.565072e+00,1.114154e-02,8.100962e-03,3.234706e-03,-6.031352e+00,9.935300e+01,-3.513569e+01,-1.689975e+00,-5.433021e-01,8.174358e-01,5.757177e-01,-1.865949e-02,-5.752646e-01,8.175938e-01,2.472646e-02,2.949135e-02,-9.478146e-03,9.995202e-01,-1.790721e-01,-7.418545e-02,4.987679e-01,-1.534234e-01,8.002982e-03,-9.572728e+00,
6.244520e-02,-2.733764e-01,2.473608e+00,-4.105463e-01,-1.332844e-02,-9.586994e+00,1.082042e-02,6.540713e-03,3.524548e-03,-6.030803e+00,9.936401e+01,-3.507287e+01,-1.713774e+00,-5.086761e-01,8.180558e-01,5.748125e-01,-1.937377e-02,-5.743608e-01,8.182371e-01,2.445007e-02,2.990654e-02,-8.873986e-03,9.995133e-01,-1.794027e-01,-7.396069e-02,4.985870e-01,-1.577749e-01,-9.506807e-03,-9.594488e+00,
6.343605e-02,-2.755406e-01,2.473681e+00,-4.128418e-01,-1.887302e-02,-9.592316e+00,1.046795e-02,6.777711e-03,4.002963e-03,-6.031003e+00,9.935800e+01,-3.501218e+01,-1.737307e+00,-4.757809e-01,8.186538e-01,5.739370e-01,-2.006541e-02,-5.734869e-01,8.188576e-01,2.419494e-02,3.031708e-02,-8.300032e-03,9.995060e-01,-1.797361e-01,-7.471051e-02,4.984728e-01,-1.563326e-01,-1.078053e-02,-9.599936e+00,
6.549183e-02,-2.702358e-01,2.473771e+00,-4.007510e-01,-2.670927e-02,-9.608958e+00,1.039733e-02,7.710400e-03,4.688089e-03,-6.030075e+00,9.935300e+01,-3.493475e+01,-1.750923e+00,-4.427278e-01,8.194221e-01,5.728197e-01,-2.062327e-02,-5.723759e-01,8.196451e-01,2.383099e-02,3.055462e-02,-7.723374e-03,9.995034e-01,-1.790074e-01,-7.452737e-02,4.983742e-01,-1.455157e-01,-2.150291e-02,-9.616224e+00,
6.346040e-02,-2.723319e-01,2.473675e+00,-4.028575e-01,-2.618280e-02,-9.620414e+00,9.940160e-03,8.651637e-03,4.786079e-03,-6.029758e+00,9.935300e+01,-3.487794e+01,-1.757441e+00,-4.116829e-01,8.199863e-01,5.719962e-01,-2.105010e-02,-5.715612e-01,8.202249e-01,2.343113e-02,3.066833e-02,-7.181782e-03,9.995039e-01,-1.796714e-01,-7.500216e-02,4.982466e-01,-1.428035e-01,-1.663518e-02,-9.627809e+00,
6.142956e-02,-2.744255e-01,2.473569e+00,-3.967117e-01,-3.890713e-02,-9.618075e+00,9.386801e-03,6.059658e-03,5.393089e-03,-6.029873e+00,9.935300e+01,-3.480957e+01,-1.776905e+00,-3.837381e-01,8.206590e-01,5.710085e-01,-2.163531e-02,-5.705763e-01,8.209169e-01,2.319943e-02,3.100787e-02,-6.694224e-03,9.994968e-01,-1.803961e-01,-7.542780e-02,4.981019e-01,-1.396913e-01,-2.871908e-02,-9.625277e+00,
6.345259e-02,-2.733986e-01,2.473660e+00,-4.025218e-01,-4.722455e-02,-9.629104e+00,9.117629e-03,7.190935e-03,5.635568e-03,-6.031305e+00,9.935300e+01,-3.474166e+01,-1.791049e+00,-3.576052e-01,8.213284e-01,5.700265e-01,-2.212555e-02,-5.695989e-01,8.216027e-01,2.293965e-02,3.125462e-02,-6.238299e-03,9.994920e-01,-1.801137e-01,-7.581827e-02,4.980285e-01,-1.444726e-01,-3.041215e-02,-9.636498e+00,
6.244502e-02,-2.733759e-01,2.473602e+00,-3.997522e-01,-4.617022e-02,-9.642280e+00,8.563741e-03,7.394943e-03,6.047479e-03,-6.032404e+00,9.935800e+01,-3.467883e+01,-1.804035e+00,-3.345687e-01,8.219469e-01,5.691173e-01,-2.256581e-02,-5.686939e-01,8.222358e-01,2.271368e-02,3.148116e-02,-5.836400e-03,9.994875e-01,-1.803893e-01,-7.600734e-02,4.979216e-01,-1.372655e-01,-2.963783e-02,-9.649652e+00,
6.347669e-02,-2.701904e-01,2.473655e+00,-4.074343e-01,-4.810402e-02,-9.657981e+00,8.033900e-03,7.036490e-03,6.515302e-03,-6.030853e+00,9.935800e+01,-3.461038e+01,-1.821353e+00,-3.143613e-01,8.226178e-01,5.681279e-01,-2.304193e-02,-5.677060e-01,8.229221e-01,2.256806e-02,3.178325e-02,-5.483842e-03,9.994798e-01,-1.800212e-01,-7.590067e-02,4.978443e-01,-1.399534e-01,-2.624482e-02,-9.665643e+00,
6.247751e-02,-2.690987e-01,2.473602e+00,-4.065796e-01,-4.756595e-02,-9.659878e+00,7.789983e-03,8.733287e-03,6.678693e-03,-6.030138e+00,9.935300e+01,-3.454190e+01,-1.831281e+00,-2.947891e-01,8.232910e-01,5.671367e-01,-2.340528e-02,-5.667192e-01,8.236076e-01,2.235736e-02,3.195645e-02,-5.142391e-03,9.994761e-01,-1.801350e-01,-7.593344e-02,4.977528e-01,-1.356175e-01,-2.472858e-02,-9.667564e+00,
6.346875e-02,-2.712594e-01,2.473657e+00,-4.095976e-01,-5.106038e-02,-9.679642e+00,7.049538e-03,7.382569e-03,7.431273e-03,-6.030261e+00,9.935300e+01,-3.446914e+01,-1.848385e+00,-2.794782e-01,8.240023e-01,5.660853e-01,-2.383091e-02,-5.656678e-01,8.243324e-01,2.227620e-02,3.225481e-02,-4.875259e-03,9.994678e-01,-1.803122e-01,-7.662944e-02,4.976957e-01,-1.357393e-01,-2.602012e-02,-9.687453e+00,
6.246127e-02,-2.712386e-01,2.473614e+00,-4.239756e-01,-5.277574e-02,-9.682885e+00,6.654413e-03,7.646838e-03,7.814699e-03,-6.030842e+00,9.936401e+01,-3.440179e+01,-1.862512e+00,-2.676232e-01,8.246599e-01,5.651120e-01,-2.417732e-02,-5.646944e-01,8.250011e-01,2.221670e-02,3.250124e-02,-4.668422e-03,9.994608e-01,-1.805347e-01,-7.674806e-02,4.976212e-01,-1.453536e-01,-1.924512e-02,-9.691198e+00,
6.446834e-02,-2.723544e-01,2.473734e+00,-4.172911e-01,-4.807573e-02,-9.681796e+00,5.904698e-03,7.446009e-03,8.179935e-03,-6.029369e+00,9.935800e+01,-3.433419e+01,-1.876375e+00,-2.594724e-01,8.253192e-01,5.641357e-01,-2.448348e-02,-5.637165e-01,8.256699e-01,2.220710e-02,3.274308e-02,-4.526204e-03,9.994537e-01,-1.803904e-01,-7.733796e-02,4.976081e-01,-1.344756e-01,-1.946539e-02,-9.689953e+00,
