MagX, MagY, MagZ, AccX, AccY, AccZ, GyroX, GyroY, GyroZ, Temp, Pres, Yaw, Pitch, Roll, DCM1, DCM2, DCM3, DCM4, DCM5, DCM6, DCM7, DCM8, DCM9, MagNED1, MagNED2, MagNED3, AccNED1, AccNED2, ACCNED3, 
7.358728e-02,-2.620469e-01,2.468715e+00,-8.012888e-01,-9.223255e-02,-9.911241e+00,8.643850e-03,1.096353e-02,5.953531e-03,-6.673583e+00,9.934400e+01,-2.616510e+01,-3.319808e+00,-6.094742e-02,8.960210e-01,4.410142e-01,-5.150596e-02,-4.402192e-01,8.974996e-01,2.649029e-02,5.790917e-02,-1.061948e-03,9.983214e-01,-1.770853e-01,-9.728453e-02,4.933757e-01,-2.481595e-01,7.412404e-03,-9.940907e+00,
7.257384e-02,-2.630906e-01,2.468656e+00,-7.649511e-01,-9.513467e-02,-9.929205e+00,7.301956e-03,1.263491e-02,5.691420e-03,-6.673573e+00,9.935001e+01,-2.615600e+01,-3.313831e+00,-4.496067e-02,8.960963e-01,4.408574e-01,-5.153970e-02,-4.400797e-01,8.975769e-01,2.618577e-02,5.780503e-02,-7.833997e-04,9.983276e-01,-1.773395e-01,-9.755412e-02,4.933197e-01,-2.156624e-01,-8.755177e-03,-9.956743e+00,
7.353855e-02,-2.684552e-01,2.468753e+00,-7.429239e-01,-1.045939e-01,-9.937739e+00,6.704320e-03,1.184513e-02,5.468476e-03,-6.672872e+00,9.933900e+01,-2.614829e+01,-3.312351e+00,-3.056274e-02,8.961569e-01,4.407235e-01,-5.163081e-02,-4.399596e-01,8.976429e-01,2.594189e-02,5.777923e-02,-5.325293e-04,9.983293e-01,-1.776510e-01,-9.868234e-02,4.933103e-01,-1.987798e-01,-2.483514e-02,-9.964005e+00,
0.000000e+00,
7.359563e-02,-2.609816e-01,2.468727e+00,-6.757599e-01,-9.817234e-02,-9.941378e+00,4.631077e-03,1.450350e-02,5.095243e-03,-6.671665e+00,9.935500e+01,-2.613434e+01,-3.273834e+00,-1.749094e-02,8.962985e-01,4.404929e-01,-5.113512e-02,-4.397584e-01,8.977560e-01,2.542889e-02,5.710810e-02,-3.047762e-04,9.983679e-01,-1.767484e-01,-9.771779e-02,4.933454e-01,-1.405733e-01,-4.376189e-02,-9.963715e+00,
7.051453e-02,-2.694572e-01,2.468603e+00,-6.502009e-01,-8.907619e-02,-9.930701e+00,3.371180e-03,1.474184e-02,4.818242e-03,-6.670537e+00,9.934400e+01,-2.613044e+01,-3.250428e+00,-2.041818e-02,8.963495e-01,4.404344e-01,-5.074818e-02,-4.397077e-01,8.977849e-01,2.529165e-02,5.670026e-02,-3.557913e-04,9.983913e-01,-1.777703e-01,-9.897242e-02,4.933456e-01,-1.180745e-01,-4.523671e-02,-9.951561e+00,
6.954186e-02,-2.651628e-01,2.468525e+00,-6.215908e-01,-8.583060e-02,-9.935279e+00,2.723173e-03,1.493214e-02,4.718233e-03,-6.671098e+00,9.935500e+01,-2.612711e+01,-3.223497e+00,-2.705642e-02,8.963988e-01,4.403879e-01,-5.027729e-02,-4.396673e-01,8.978075e-01,2.518607e-02,5.623097e-02,-4.714765e-04,9.984177e-01,-1.773394e-01,-9.822726e-02,4.933940e-01,-9.547311e-02,-5.399680e-02,-9.954471e+00,
6.648522e-02,-2.704362e-01,2.468391e+00,-5.905051e-01,-7.578600e-02,-9.920062e+00,1.550838e-03,1.612144e-02,4.481675e-03,-6.670371e+00,9.935001e+01,-2.612514e+01,-3.187598e+00,-4.045446e-02,8.964455e-01,4.403683e-01,-4.961353e-02,-4.396519e-01,8.978171e-01,2.511882e-02,5.560540e-02,-7.049711e-04,9.984527e-01,-1.779599e-01,-9.890211e-02,4.934490e-01,-7.056013e-02,-5.760552e-02,-9.937494e+00,
6.853614e-02,-2.651419e-01,2.468477e+00,-5.605762e-01,-6.443917e-02,-9.888379e+00,6.762016e-04,1.516519e-02,4.676852e-03,-6.669760e+00,9.933900e+01,-2.612200e+01,-3.155456e+00,-5.962569e-02,8.964973e-01,4.403352e-01,-4.896465e-02,-4.396165e-01,8.978329e-01,2.516991e-02,5.504527e-02,-1.039087e-03,9.984834e-01,-1.768517e-01,-9.815756e-02,4.936063e-01,-4.674891e-02,-6.030664e-02,-9.904173e+00,
6.754708e-02,-2.629857e-01,2.468423e+00,-5.246013e-01,-4.708393e-02,-9.872327e+00,-2.412661e-04,1.710773e-02,4.057946e-03,-6.668954e+00,9.933900e+01,-2.612241e+01,-3.110048e+00,-8.447044e-02,8.965331e-01,4.403617e-01,-4.806302e-02,-4.396419e-01,8.978192e-01,2.521115e-02,5.425393e-02,-1.472116e-03,9.985261e-01,-1.763970e-01,-9.768682e-02,4.937488e-01,-1.656258e-02,-6.052886e-02,-9.886168e+00,
6.749852e-02,-2.693917e-01,2.468447e+00,-5.096279e-01,-2.731465e-02,-9.844971e+00,-8.827978e-04,1.818035e-02,3.821949e-03,-6.668129e+00,9.934400e+01,-2.612415e+01,-3.058127e+00,-1.136823e-01,8.965635e-01,4.404119e-01,-4.702528e-02,-4.396906e-01,8.977937e-01,2.527192e-02,5.334905e-02,-1.981303e-03,9.985740e-01,-1.764292e-01,-9.872551e-02,4.939436e-01,-5.980998e-03,-4.924558e-02,-9.858066e+00,
6.549600e-02,-2.682789e-01,2.468332e+00,-4.924366e-01,-2.627988e-02,-9.825310e+00,-1.545526e-03,1.874791e-02,3.463036e-03,-6.669277e+00,9.934400e+01,-2.612802e+01,-3.001816e+00,-1.457795e-01,8.965805e-01,4.404967e-01,-4.589567e-02,-4.397742e-01,8.977508e-01,2.534582e-02,5.236762e-02,-2.540839e-03,9.986248e-01,-1.761256e-01,-9.832109e-02,4.941075e-01,-2.146125e-03,-5.606240e-02,-9.837519e+00,
6.549595e-02,-2.682787e-01,2.468330e+00,-4.701245e-01,7.114782e-03,-9.787646e+00,-2.137234e-03,1.943909e-02,3.028914e-03,-6.669807e+00,9.935500e+01,-2.613434e+01,-2.940547e+00,-1.826856e-01,8.965816e-01,4.406220e-01,-4.465033e-02,-4.398974e-01,8.976871e-01,2.545873e-02,5.129969e-02,-3.184263e-03,9.986783e-01,-1.755252e-01,-9.824313e-02,4.943362e-01,1.865152e-02,-3.598759e-02,-9.798850e+00,
6.549566e-02,-2.682806e-01,2.468341e+00,-4.483252e-01,1.576651e-02,-9.755641e+00,-2.365839e-03,1.930047e-02,2.769231e-03,-6.668643e+00,9.933900e+01,-2.614219e+01,-2.878521e+00,-2.206526e-01,8.965709e-01,4.407708e-01,-4.338422e-02,-4.400445e-01,8.976117e-01,2.558329e-02,5.021854e-02,-3.846246e-03,9.987310e-01,-1.749176e-01,-9.815556e-02,4.945712e-01,2.823499e-02,-3.814617e-02,-9.765836e+00,
6.446614e-02,-2.714610e-01,2.468296e+00,-4.269188e-01,2.888740e-02,-9.723253e+00,-2.907733e-03,1.827304e-02,2.492001e-03,-6.668027e+00,9.935001e+01,-2.615163e+01,-2.820804e+00,-2.619933e-01,8.965432e-01,4.409457e-01,-4.215876e-02,-4.402142e-01,8.975223e-01,2.579460e-02,4.921244e-02,-4.567089e-03,9.987780e-01,-1.747698e-01,-9.847194e-02,4.947891e-01,3.990692e-02,-3.694464e-02,-9.732513e+00,
6.243922e-02,-2.735502e-01,2.468185e+00,-4.124222e-01,5.442529e-02,-9.685001e+00,-3.205869e-03,2.020981e-02,2.304272e-03,-6.668925e+00,9.934400e+01,-2.616212e+01,-2.753345e+00,-3.071489e-01,8.965139e-01,4.411374e-01,-4.075089e-02,-4.404036e-01,8.974236e-01,2.599110e-02,4.803645e-02,-5.354546e-03,9.988312e-01,-1.746111e-01,-9.852575e-02,4.950154e-01,4.893914e-02,-2.124907e-02,-9.693784e+00,
6.445009e-02,-2.735926e-01,2.468281e+00,-3.984505e-01,8.010774e-02,-9.625392e+00,-3.433248e-03,2.063208e-02,2.175800e-03,-6.670929e+00,9.933900e+01,-2.617333e+01,-2.683890e+00,-3.555606e-01,8.964794e-01,4.413405e-01,-3.928622e-02,-4.406044e-01,8.973184e-01,2.622318e-02,4.682560e-02,-6.198857e-03,9.988840e-01,-1.735765e-01,-9.854765e-02,4.953277e-01,5.629739e-02,-4.967153e-03,-9.633804e+00,
6.240683e-02,-2.778183e-01,2.468187e+00,-3.819332e-01,1.119794e-01,-9.583238e+00,-3.361884e-03,2.071485e-02,2.164488e-03,-6.671680e+00,9.933900e+01,-2.618453e+01,-2.614711e+00,-4.062475e-01,8.964433e-01,4.415427e-01,-3.780818e-02,-4.408042e-01,8.972123e-01,2.649238e-02,4.561948e-02,-7.082915e-03,9.989338e-01,-1.735644e-01,-9.892184e-02,4.955789e-01,6.938702e-02,1.494423e-02,-9.591237e+00,
6.247159e-02,-2.692734e-01,2.468132e+00,-3.747939e-01,1.186100e-01,-9.545773e+00,-3.173238e-03,2.052606e-02,1.677331e-03,-6.673659e+00,9.933900e+01,-2.619860e+01,-2.547266e+00,-4.552197e-01,8.963827e-01,4.417868e-01,-3.636897e-02,-4.410477e-01,8.970851e-01,2.674929e-02,4.444354e-02,-7.937151e-03,9.989805e-01,-1.721608e-01,-9.731433e-02,4.958290e-01,6.361151e-02,1.636264e-02,-9.553638e+00,
6.039640e-02,-2.777711e-01,2.468062e+00,-3.466526e-01,1.475227e-01,-9.493870e+00,-3.196629e-03,2.076536e-02,1.533946e-03,-6.673261e+00,9.934400e+01,-2.621357e+01,-2.478776e+00,-5.038468e-01,8.963144e-01,4.420426e-01,-3.491545e-02,-4.413052e-01,8.969512e-01,2.699255e-02,4.324930e-02,-8.785445e-03,9.990258e-01,-1.725281e-01,-9.840918e-02,4.960843e-01,8.598432e-02,2.903649e-02,-9.500909e+00,
5.836124e-02,-2.809292e-01,2.467960e+00,-3.341353e-01,1.744079e-01,-9.440330e+00,-2.758236e-03,2.062014e-02,1.393136e-03,-6.673524e+00,9.934400e+01,-2.622938e+01,-2.411066e+00,-5.505931e-01,8.962378e-01,4.423081e-01,-3.348808e-02,-4.415746e-01,8.968118e-01,2.721208e-02,4.206862e-02,-9.601008e-03,9.990686e-01,-1.724589e-01,-9.861611e-02,4.963199e-01,9.381589e-02,4.706573e-02,-9.447268e+00,
5.836939e-02,-2.798631e-01,2.467968e+00,-3.196428e-01,1.898585e-01,-9.390889e+00,-2.213234e-03,2.063189e-02,1.140876e-03,-6.672899e+00,9.934400e+01,-2.624665e+01,-2.343034e+00,-5.950284e-01,8.961488e-01,4.425932e-01,-3.207264e-02,-4.418666e-01,8.966625e-01,2.739296e-02,4.088227e-02,-1.037634e-02,9.991101e-01,-1.717029e-01,-9.829508e-02,4.965782e-01,9.877317e-02,5.423424e-02,-9.397570e+00,
5.742871e-02,-2.713001e-01,2.467886e+00,-3.000276e-01,2.172633e-01,-9.341216e+00,-1.763045e-03,2.169937e-02,7.160949e-04,-6.671404e+00,9.933900e+01,-2.626644e+01,-2.269374e+00,-6.380703e-01,8.960426e-01,4.429140e-01,-3.057858e-02,-4.421990e-01,8.964951e-01,2.750905e-02,3.959769e-02,-1.112746e-02,9.991538e-01,-1.704470e-01,-9.665723e-02,4.968027e-01,1.130326e-01,7.047933e-02,-9.347610e+00,
5.635063e-02,-2.808897e-01,2.467886e+00,-2.727588e-01,2.406380e-01,-9.300361e+00,-9.281339e-04,2.109858e-02,4.913909e-04,-6.670227e+00,9.933900e+01,-2.628749e+01,-2.198631e+00,-6.772962e-01,8.959232e-01,4.432510e-01,-2.915892e-02,-4.425494e-01,8.963198e-01,2.758756e-02,3.836393e-02,-1.181207e-02,9.991941e-01,-1.707655e-01,-9.808389e-02,4.970626e-01,1.334806e-01,7.982352e-02,-9.306172e+00,
5.736398e-02,-2.798455e-01,2.467942e+00,-2.465870e-01,2.658398e-01,-9.249793e+00,-1.262453e-05,2.137493e-02,4.816497e-04,-6.669669e+00,9.934400e+01,-2.630866e+01,-2.126459e+00,-7.113421e-01,8.958023e-01,4.435855e-01,-2.775687e-02,-4.429015e-01,8.961463e-01,2.757300e-02,3.710519e-02,-1.240640e-02,9.992345e-01,-1.698541e-01,-9.793799e-02,4.973126e-01,1.537748e-01,9.240058e-02,-9.255159e+00,
5.436411e-02,-2.776423e-01,2.467764e+00,-2.291991e-01,2.724650e-01,-9.218328e+00,9.435547e-04,2.015292e-02,2.618986e-04,-6.669290e+00,9.933900e+01,-2.633106e+01,-2.061613e+00,-7.394662e-01,8.956659e-01,4.439363e-01,-2.651458e-02,-4.432701e-01,8.959655e-01,2.752201e-02,3.597417e-02,-1.289741e-02,9.992695e-01,-1.696019e-01,-9.727911e-02,4.974563e-01,1.600914e-01,9.200943e-02,-9.223353e+00,
5.231278e-02,-2.829362e-01,2.467675e+00,-2.140658e-01,2.792901e-01,-9.204608e+00,2.062942e-03,2.052103e-02,1.511487e-04,-6.669174e+00,9.934400e+01,-2.635421e+01,-1.995159e+00,-7.595677e-01,8.955237e-01,4.442938e-01,-2.530904e-02,-4.436501e-01,8.957833e-01,2.733249e-02,3.481507e-02,-1.324853e-02,9.993061e-01,-1.698353e-01,-9.802955e-02,4.976221e-01,1.653456e-01,9.356889e-02,-9.209373e+00,
5.535326e-02,-2.797987e-01,2.467819e+00,-1.825808e-01,3.007644e-01,-9.173292e+00,3.286519e-03,2.074136e-02,-2.605676e-04,-6.670036e+00,9.935500e+01,-2.637975e+01,-1.926732e+00,-7.731682e-01,8.953624e-01,4.446846e-01,-2.412210e-02,-4.440674e-01,8.955858e-01,2.702607e-02,3.362148e-02,-1.348629e-02,9.993437e-01,-1.685210e-01,-9.783553e-02,4.978285e-01,1.915484e-01,1.025204e-01,-9.177466e+00,
5.433150e-02,-2.819130e-01,2.467776e+00,-1.672397e-01,3.007585e-01,-9.153607e+00,4.463629e-03,2.044965e-02,-5.420010e-04,-6.669215e+00,9.934400e+01,-2.640687e+01,-1.858891e+00,-7.806898e-01,8.951871e-01,4.450971e-01,-2.299104e-02,-4.445085e-01,8.953788e-01,2.662876e-02,3.243807e-02,-1.361802e-02,9.993810e-01,-1.683595e-01,-9.822953e-02,4.979680e-01,1.946069e-01,9.988299e-02,-9.157462e+00,
5.535313e-02,-2.797962e-01,2.467804e+00,-1.499666e-01,3.046436e-01,-9.163753e+00,5.431101e-03,2.057164e-02,-3.665712e-04,-6.671090e+00,9.934400e+01,-2.643294e+01,-1.788938e+00,-7.843249e-01,8.950197e-01,4.454910e-01,-2.185804e-02,-4.449331e-01,8.951820e-01,2.615286e-02,3.121779e-02,-1.368196e-02,9.994191e-01,-1.674966e-01,-9.812394e-02,4.981146e-01,2.017946e-01,9.977822e-02,-9.167279e+00,
5.636672e-02,-2.787535e-01,2.467870e+00,-1.376785e-01,3.031103e-01,-9.153609e+00,6.512369e-03,2.022448e-02,-8.275096e-04,-6.671502e+00,9.933900e+01,-2.646163e+01,-1.720963e+00,-7.820005e-01,8.948292e-01,4.459238e-01,-2.080155e-02,-4.453974e-01,8.949670e-01,2.559914e-02,3.003196e-02,-1.364191e-02,9.994559e-01,-1.667677e-01,-9.823076e-02,4.982490e-01,2.023746e-01,9.827088e-02,-9.156898e+00,
5.230461e-02,-2.840015e-01,2.467666e+00,-1.168702e-01,2.964063e-01,-9.157420e+00,7.705550e-03,2.004384e-02,-6.876715e-04,-6.670366e+00,9.933900e+01,-2.648952e+01,-1.654053e+00,-7.722915e-01,8.946430e-01,4.463419e-01,-1.982007e-02,-4.458483e-01,8.947611e-01,2.493704e-02,2.886467e-02,-1.347301e-02,9.994926e-01,-1.674551e-01,-9.902896e-02,4.982975e-01,2.092421e-01,8.896022e-02,-9.160141e+00,
5.433167e-02,-2.819096e-01,2.467761e+00,-1.074115e-01,2.809895e-01,-9.181346e+00,9.003785e-03,1.958340e-02,-1.122693e-03,-6.671250e+00,9.933900e+01,-2.651986e+01,-1.588913e+00,-7.551236e-01,8.944356e-01,4.467962e-01,-1.892394e-02,-4.463363e-01,8.945387e-01,2.417210e-02,2.772820e-02,-1.317394e-02,9.995286e-01,-1.665500e-01,-9.914601e-02,4.983914e-01,2.032197e-01,7.736523e-02,-9.183699e+00,
5.339966e-02,-2.722778e-01,2.467671e+00,-1.030513e-01,2.700727e-01,-9.215234e+00,1.007511e-02,1.977222e-02,-1.072601e-03,-6.671680e+00,9.935500e+01,-2.654989e+01,-1.521088e+00,-7.328064e-01,8.942302e-01,4.472440e-01,-1.802703e-02,-4.468194e-01,8.943206e-01,2.330480e-02,2.654487e-02,-1.278503e-02,9.995658e-01,-1.655060e-01,-9.779978e-02,4.984069e-01,1.947601e-01,7.281774e-02,-9.217422e+00,
5.338310e-02,-2.744146e-01,2.467682e+00,-1.110079e-01,2.605863e-01,-9.244068e+00,1.091830e-02,1.786549e-02,-1.258024e-03,-6.669869e+00,9.933900e+01,-2.658079e+01,-1.463629e+00,-7.069916e-01,8.940126e-01,4.477072e-01,-1.731970e-02,-4.473134e-01,8.940952e-01,2.246314e-02,2.554236e-02,-1.233499e-02,9.995977e-01,-1.653938e-01,-9.849477e-02,4.984455e-01,1.775284e-01,7.499348e-02,-9.246400e+00,
5.135611e-02,-2.765043e-01,2.467578e+00,-1.025605e-01,2.418392e-01,-9.291682e+00,1.193508e-02,1.967027e-02,-1.378196e-03,-6.670139e+00,9.935500e+01,-2.661257e+01,-1.396751e+00,-6.728273e-01,8.937904e-01,4.481803e-01,-1.653131e-02,-4.478222e-01,8.938662e-01,2.141708e-02,2.437549e-02,-1.173929e-02,9.996340e-01,-1.655764e-01,-9.911276e-02,4.984454e-01,1.703236e-01,6.310004e-02,-9.293620e+00,
5.245876e-02,-2.637149e-01,2.467584e+00,-1.007017e-01,1.978638e-01,-9.357289e+00,1.298228e-02,1.776215e-02,-1.255704e-03,-6.669954e+00,9.934400e+01,-2.664354e+01,-1.340476e+00,-6.304806e-01,8.935691e-01,4.486414e-01,-1.597374e-02,-4.483157e-01,8.936442e-01,2.032525e-02,2.339359e-02,-1.100073e-02,9.996659e-01,-1.640913e-01,-9.751826e-02,4.984061e-01,1.482569e-01,3.177683e-02,-9.358695e+00,
5.134755e-02,-2.775778e-01,2.467614e+00,-1.113699e-01,1.652189e-01,-9.434707e+00,1.332816e-02,1.680163e-02,-1.141881e-03,-6.667903e+00,9.934400e+01,-2.667379e+01,-1.289925e+00,-5.854069e-01,8.933504e-01,4.490924e-01,-1.552817e-02,-4.487965e-01,8.934270e-01,1.923489e-02,2.251153e-02,-1.021451e-02,9.996944e-01,-1.652818e-01,-1.002178e-01,4.983976e-01,1.212099e-01,1.611786e-02,-9.436019e+00,
4.940154e-02,-2.689884e-01,2.467455e+00,-1.247211e-01,1.383489e-01,-9.500875e+00,1.374864e-02,1.613102e-02,-1.131065e-03,-6.667114e+00,9.934400e+01,-2.670392e+01,-1.244444e+00,-5.372656e-01,8.931301e-01,4.495423e-01,-1.518686e-02,-4.492742e-01,8.932099e-01,1.813596e-02,2.171793e-02,-9.374706e-03,9.997203e-01,-1.647675e-01,-9.907880e-02,4.982884e-01,9.508994e-02,7.301122e-03,-9.502222e+00,
5.145314e-02,-2.636942e-01,2.467542e+00,-1.382396e-01,1.011631e-01,-9.575717e+00,1.424075e-02,1.651593e-02,-7.327157e-04,-6.667994e+00,9.933900e+01,-2.673181e+01,-1.197824e+00,-4.843395e-01,8.929267e-01,4.499567e-01,-1.486717e-02,-4.497167e-01,8.930105e-01,1.695255e-02,2.090445e-02,-8.451372e-03,9.997458e-01,-1.638664e-01,-9.887923e-02,4.982374e-01,6.444500e-02,-9.824440e-03,-9.577028e+00,
5.138036e-02,-2.733042e-01,2.467583e+00,-1.513772e-01,5.621006e-02,-9.670943e+00,1.453985e-02,1.640638e-02,-9.984265e-04,-6.667633e+00,9.934400e+01,-2.676122e+01,-1.153993e+00,-4.272614e-01,8.927096e-01,4.503950e-01,-1.462427e-02,-4.501821e-01,8.927983e-01,1.572641e-02,2.013962e-02,-7.455538e-03,9.997694e-01,-1.646246e-01,-1.010205e-01,4.981745e-01,3.161132e-02,-3.375772e-02,-9.672180e+00,
5.139664e-02,-2.711673e-01,2.467563e+00,-1.590826e-01,2.608430e-02,-9.753451e+00,1.433676e-02,1.647695e-02,-5.880101e-04,-6.668744e+00,9.933900e+01,-2.678828e+01,-1.111933e+00,-3.703639e-01,8.925101e-01,4.507976e-01,-1.440936e-02,-4.506101e-01,8.926029e-01,1.451615e-02,1.940568e-02,-6.462808e-03,9.997909e-01,-1.643828e-01,-1.011949e-01,4.980792e-01,1.031692e-02,-4.661544e-02,-9.754668e+00,
5.239401e-02,-2.722542e-01,2.467606e+00,-1.705416e-01,-7.037037e-03,-9.827923e+00,1.427639e-02,1.524500e-02,-2.241242e-04,-6.671258e+00,9.933900e+01,-2.681319e+01,-1.077959e+00,-3.125380e-01,8.923242e-01,4.511679e-01,-1.432930e-02,-4.510033e-01,8.924226e-01,1.335432e-02,1.881283e-02,-5.453825e-03,9.998083e-01,-1.643129e-01,-1.019753e-01,4.979857e-01,-1.452604e-02,-6.061048e-02,-9.829209e+00,
5.339929e-02,-2.722788e-01,2.467670e+00,-1.865254e-01,-4.743117e-02,-9.930057e+00,1.405528e-02,1.471704e-02,2.384596e-04,-6.670980e+00,9.933900e+01,-2.683541e+01,-1.048174e+00,-2.550902e-01,8.921576e-01,4.514973e-01,-1.431304e-02,-4.513536e-01,8.922613e-01,1.223063e-02,1.829307e-02,-4.451405e-03,9.998227e-01,-1.641785e-01,-1.025662e-01,4.978876e-01,-4.569578e-02,-7.958291e-02,-9.931497e+00,
5.042393e-02,-2.668704e-01,2.467471e+00,-1.969184e-01,-7.814070e-02,-1.001058e+01,1.302721e-02,1.440769e-02,4.781954e-04,-6.670709e+00,9.935500e+01,-2.685620e+01,-1.020579e+00,-2.047017e-01,8.920016e-01,4.518068e-01,-1.427635e-02,-4.516813e-01,8.921087e-01,1.123373e-02,1.781153e-02,-3.572145e-03,9.998350e-01,-1.642370e-01,-1.018483e-01,4.977389e-01,-6.804153e-02,-9.322176e-02,-1.001215e+01,
5.039941e-02,-2.700747e-01,2.467491e+00,-2.155223e-01,-1.070398e-01,-1.006857e+01,1.235093e-02,1.477916e-02,7.698380e-04,-6.670994e+00,9.933900e+01,-2.687529e+01,-9.907632e-01,-1.592381e-01,8.918592e-01,4.520913e-01,-1.416723e-02,-4.519826e-01,8.919675e-01,1.029552e-02,1.729122e-02,-2.778810e-03,9.998467e-01,-1.644936e-01,-1.028006e-01,4.976654e-01,-9.796360e-02,-1.017248e-01,-1.007046e+01,
5.251551e-02,-2.562377e-01,2.467536e+00,-2.356585e-01,-1.319019e-01,-1.014639e+01,1.171439e-02,1.316592e-02,1.298668e-03,-6.670705e+00,9.935500e+01,-2.689130e+01,-9.703847e-01,-1.178186e-01,8.917384e-01,4.523294e-01,-1.417418e-02,-4.522345e-01,8.918486e-01,9.493907e-03,1.693560e-02,-2.056027e-03,9.998545e-01,-1.629939e-01,-1.010164e-01,4.975907e-01,-1.259920e-01,-1.073925e-01,-1.014864e+01,
5.242635e-02,-2.679842e-01,2.467595e+00,-2.474644e-01,-1.529028e-01,-1.019883e+01,1.056357e-02,1.302877e-02,1.597471e-03,-6.671227e+00,9.935001e+01,-2.690558e+01,-9.510462e-01,-8.293989e-02,8.916308e-01,4.525425e-01,-1.414636e-02,-4.524593e-01,8.917418e-01,8.801881e-03,1.659813e-02,-1.447374e-03,9.998613e-01,-1.640202e-01,-1.032859e-01,4.975386e-01,-1.455656e-01,-1.141511e-01,-1.020130e+01,
5.244242e-02,-2.658497e-01,2.467591e+00,-2.651912e-01,-1.805681e-01,-1.025662e+01,9.826065e-03,1.311144e-02,2.161745e-03,-6.670149e+00,9.935001e+01,-2.691663e+01,-9.316512e-01,-5.182636e-02,8.915484e-01,4.527065e-01,-1.408871e-02,-4.526337e-01,8.916593e-01,8.167190e-03,1.625966e-02,-9.044211e-04,9.998675e-01,-1.638269e-01,-1.032162e-01,4.974807e-01,-1.736726e-01,-1.247385e-01,-1.025941e+01,
4.843685e-02,-2.636274e-01,2.467378e+00,-2.713062e-01,-2.003070e-01,-1.029948e+01,8.366960e-03,1.112559e-02,2.576653e-03,-6.668432e+00,9.934400e+01,-2.692529e+01,-9.240156e-01,-2.840511e-02,8.914818e-01,4.528355e-01,-1.415378e-02,-4.527695e-01,8.915940e-01,7.744520e-03,1.612642e-02,-4.956983e-04,9.998699e-01,-1.643565e-01,-1.026904e-01,4.973737e-01,-1.867942e-01,-1.355178e-01,-1.030241e+01,
5.145292e-02,-2.636949e-01,2.467545e+00,-2.912938e-01,-2.023163e-01,-1.032127e+01,7.318606e-03,1.191721e-02,3.227439e-03,-6.667580e+00,9.935500e+01,-2.693023e+01,-9.125795e-01,-1.041537e-02,8.914456e-01,4.529078e-01,-1.411738e-02,-4.528478e-01,8.915574e-01,7.375420e-03,1.592684e-02,-1.817595e-04,9.998732e-01,-1.638476e-01,-1.031292e-01,4.973820e-01,-2.055939e-01,-1.245885e-01,-1.032456e+01,
5.245028e-02,-2.647862e-01,2.467611e+00,-3.058607e-01,-2.080049e-01,-1.035979e+01,6.012530e-03,1.034022e-02,3.883104e-03,-6.666873e+00,9.935001e+01,-2.693141e+01,-9.110285e-01,8.737210e-04,8.914366e-01,4.529234e-01,-1.418234e-02,-4.528663e-01,8.915494e-01,7.187789e-03,1.589978e-02,1.524738e-05,9.998736e-01,-1.638077e-01,-1.034876e-01,4.973671e-01,-2.199396e-01,-1.213967e-01,-1.036335e+01,
5.446915e-02,-2.637616e-01,2.467706e+00,-3.195175e-01,-2.039110e-01,-1.037350e+01,4.457571e-03,1.030734e-02,4.289101e-03,-6.667671e+00,9.935500e+01,-2.693030e+01,-9.106590e-01,4.054029e-03,8.914456e-01,4.529052e-01,-1.420187e-02,-4.528490e-01,8.915587e-01,7.135104e-03,1.589333e-02,7.074722e-05,9.998738e-01,-1.633897e-01,-1.035170e-01,4.973826e-01,-2.298618e-01,-1.111214e-01,-1.037728e+01,
5.344746e-02,-2.658764e-01,2.467669e+00,-3.159472e-01,-2.028950e-01,-1.037146e+01,3.168552e-03,8.517957e-03,4.610202e-03,-6.667233e+00,9.933900e+01,-2.692735e+01,-9.211471e-01,5.823488e-04,8.914663e-01,4.528603e-01,-1.433799e-02,-4.528019e-01,8.915816e-01,7.271284e-03,1.607636e-02,1.016259e-05,9.998709e-01,-1.638034e-01,-1.037249e-01,4.973644e-01,-2.248335e-01,-1.132498e-01,-1.037521e+01,
5.344726e-02,-2.658751e-01,2.467661e+00,-3.268670e-01,-1.981262e-01,-1.037145e+01,2.244732e-03,9.121629e-03,5.423365e-03,-6.667525e+00,9.935500e+01,-2.691976e+01,-9.289869e-01,-7.843862e-03,8.915242e-01,4.527442e-01,-1.439435e-02,-4.526827e-01,8.916404e-01,7.462454e-03,1.621317e-02,-1.368832e-04,9.998685e-01,-1.638173e-01,-1.036499e-01,4.973739e-01,-2.318200e-01,-1.060867e-01,-1.037536e+01,
5.141232e-02,-2.690340e-01,2.467569e+00,-3.377910e-01,-1.983041e-01,-1.037650e+01,1.020605e-03,8.206270e-03,5.754730e-03,-6.667812e+00,9.934400e+01,-2.691027e+01,-9.426515e-01,-2.266569e-02,8.915958e-01,4.526003e-01,-1.449115e-02,-4.525333e-01,8.917135e-01,7.798674e-03,1.645163e-02,-3.955374e-04,9.998646e-01,-1.644580e-01,-1.038647e-01,4.973699e-01,-2.405581e-01,-1.048917e-01,-1.038058e+01,
5.343166e-02,-2.680105e-01,2.467671e+00,-3.406675e-01,-1.832110e-01,-1.035832e+01,-4.582796e-04,7.173177e-03,6.195452e-03,-6.668450e+00,9.935001e+01,-2.689825e+01,-9.634061e-01,-4.556354e-02,8.916853e-01,4.524194e-01,-1.463498e-02,-4.523436e-01,8.918050e-01,8.315894e-03,1.681382e-02,-7.951213e-04,9.998584e-01,-1.640822e-01,-1.036393e-01,4.974260e-01,-2.350626e-01,-9.542847e-02,-1.036244e+01,
5.344768e-02,-2.658738e-01,2.467654e+00,-3.397667e-01,-1.559204e-01,-1.031934e+01,-1.494688e-03,6.827442e-03,6.602291e-03,-6.669510e+00,9.934400e+01,-2.688392e+01,-9.878801e-01,-7.379212e-02,8.917919e-01,4.522040e-01,-1.479520e-02,-4.521173e-01,8.919137e-01,8.944787e-03,1.724091e-02,-1.287724e-03,9.998506e-01,-1.639514e-01,-1.030073e-01,4.974617e-01,-2.208323e-01,-7.775751e-02,-1.032346e+01,
5.442087e-02,-2.701673e-01,2.467728e+00,-3.294065e-01,-1.433868e-01,-1.029661e+01,-2.370025e-03,6.470953e-03,7.102800e-03,-6.668807e+00,9.935001e+01,-2.686675e+01,-1.015394e+00,-1.055852e-01,8.919198e-01,4.519455e-01,-1.497541e-02,-4.518462e-01,8.920437e-01,9.652327e-03,1.772105e-02,-1.842519e-03,9.998412e-01,-1.642118e-01,-1.035035e-01,4.975245e-01,-2.044112e-01,-7.845242e-02,-1.030055e+01,
5.441280e-02,-2.712352e-01,2.467734e+00,-3.305571e-01,-1.338812e-01,-1.027333e+01,-3.392685e-03,5.913569e-03,7.321714e-03,-6.668637e+00,9.935500e+01,-2.684832e+01,-1.046547e+00,-1.425902e-01,8.920565e-01,4.516693e-01,-1.517183e-02,-4.515548e-01,8.921820e-01,1.046925e-02,1.826468e-02,-2.488251e-03,9.998301e-01,-1.643680e-01,-1.033241e-01,4.975794e-01,-1.994803e-01,-7.773590e-02,-1.027729e+01,
5.442070e-02,-2.701682e-01,2.467734e+00,-3.353368e-01,-1.117996e-01,-1.023067e+01,-4.568361e-03,5.642520e-03,8.101395e-03,-6.668847e+00,9.935500e+01,-2.682539e+01,-1.079772e+00,-1.869873e-01,8.922274e-01,4.513256e-01,-1.534369e-02,-4.511930e-01,8.923534e-01,1.141629e-02,1.884446e-02,-3.262959e-03,9.998171e-01,-1.643198e-01,-1.027348e-01,4.976493e-01,-1.926785e-01,-6.525940e-02,-1.023475e+01,
5.639905e-02,-2.744833e-01,2.467856e+00,-3.338408e-01,-9.145864e-02,-1.018279e+01,-5.063112e-03,4.549628e-03,8.086713e-03,-6.668599e+00,9.933900e+01,-2.680251e+01,-1.119634e+00,-2.347615e-01,8.923957e-01,4.509843e-01,-1.559309e-02,-4.508305e-01,8.925225e-01,1.246802e-02,1.954006e-02,-4.096569e-03,9.998007e-01,-1.644367e-01,-1.031632e-01,4.977511e-01,-1.803834e-01,-5.808247e-02,-1.018690e+01,
5.335854e-02,-2.776188e-01,2.467700e+00,-3.293272e-01,-6.777583e-02,-1.014125e+01,-5.733733e-03,4.971783e-03,8.502482e-03,-6.669899e+00,9.935001e+01,-2.677722e+01,-1.156920e+00,-2.867081e-01,8.925831e-01,4.506073e-01,-1.577091e-02,-4.504309e-01,8.927084e-01,1.356363e-02,2.019069e-02,-5.002960e-03,9.997837e-01,-1.652546e-01,-1.029533e-01,4.977984e-01,-1.645554e-01,-4.971707e-02,-1.014537e+01,
5.541806e-02,-2.712575e-01,2.467787e+00,-3.205745e-01,-4.010032e-02,-1.007860e+01,-6.176186e-03,4.532435e-03,8.451580e-03,-6.669305e+00,9.935500e+01,-2.675213e+01,-1.193871e+00,-3.438331e-01,8.927684e-01,4.502353e-01,-1.590372e-02,-4.500340e-01,8.928899e-01,1.473719e-02,2.083547e-02,-5.999682e-03,9.997650e-01,-1.643907e-01,-1.015404e-01,4.979159e-01,-1.439661e-01,-4.006603e-02,-1.008267e+01,
5.535303e-02,-2.797994e-01,2.467822e+00,-3.097228e-01,-2.388933e-03,-1.001263e+01,-6.749463e-03,4.627233e-03,8.642968e-03,-6.669395e+00,9.935500e+01,-2.672586e+01,-1.229033e+00,-4.072529e-01,8.929630e-01,4.498471e-01,-1.596055e-02,-4.496188e-01,8.930773e-01,1.599436e-02,2.144903e-02,-7.106209e-03,9.997447e-01,-1.651054e-01,-1.024114e-01,4.980533e-01,-1.178386e-01,-2.302191e-02,-1.001670e+01,
5.536912e-02,-2.776646e-01,2.467819e+00,-2.980483e-01,2.099413e-02,-9.937893e+00,-7.110728e-03,4.753613e-03,8.876128e-03,-6.669045e+00,9.934400e+01,-2.669822e+01,-1.262960e+00,-4.733773e-01,8.931683e-01,4.494386e-01,-1.597846e-02,-4.491822e-01,8.932730e-01,1.728356e-02,2.204102e-02,-8.259892e-03,9.997230e-01,-1.648806e-01,-1.014837e-01,4.981802e-01,-9.797956e-02,-1.913074e-02,-9.941882e+00,
5.746943e-02,-2.659620e-01,2.467866e+00,-2.922004e-01,4.654488e-02,-9.879606e+00,-6.941718e-03,3.580975e-03,8.756402e-03,-6.669591e+00,9.935500e+01,-2.667114e+01,-1.301088e+00,-5.395424e-01,8.933674e-01,4.490402e-01,-1.606257e-02,-4.487534e-01,8.934621e-01,1.860641e-02,2.270632e-02,-9.414228e-03,9.996980e-01,-1.635323e-01,-9.910506e-02,4.982994e-01,-8.144996e-02,-1.111202e-02,-9.883697e+00,
5.736382e-02,-2.798424e-01,2.467926e+00,-2.767220e-01,9.333128e-02,-9.790512e+00,-7.005776e-03,3.218910e-03,8.878180e-03,-6.670198e+00,9.933900e+01,-2.664327e+01,-1.339325e+00,-6.077627e-01,8.935716e-01,4.486306e-01,-1.613377e-02,-4.483117e-01,8.936543e-01,1.996182e-02,2.337350e-02,-1.060436e-02,9.996705e-01,-1.647071e-01,-1.008245e-01,4.984624e-01,-4.744183e-02,1.202713e-02,-9.794744e+00,
5.938255e-02,-2.788213e-01,2.468041e+00,-2.594550e-01,1.307903e-01,-9.704588e+00,-6.863292e-03,4.572837e-03,8.526324e-03,-6.670268e+00,9.933900e+01,-2.661744e+01,-1.368831e+00,-6.759276e-01,8.937628e-01,4.482521e-01,-1.606974e-02,-4.479035e-01,8.938295e-01,2.124861e-02,2.388834e-02,-1.179352e-02,9.996451e-01,-1.642033e-01,-1.002470e-01,4.986329e-01,-1.731396e-02,2.690604e-02,-9.708884e+00,
5.836934e-02,-2.798664e-01,2.467988e+00,-2.424811e-01,1.678973e-01,-9.618169e+00,-6.569442e-03,3.982148e-03,8.663954e-03,-6.670493e+00,9.935500e+01,-2.659073e+01,-1.400583e+00,-7.433547e-01,8.939596e-01,4.478604e-01,-1.604799e-02,-4.474807e-01,8.940095e-01,2.254119e-02,2.444236e-02,-1.296975e-02,9.996172e-01,-1.644021e-01,-9.976120e-02,4.987559e-01,1.277852e-02,4.180245e-02,-9.622592e+00,
5.737197e-02,-2.787757e-01,2.467922e+00,-2.244548e-01,2.000999e-01,-9.526408e+00,-6.052447e-03,4.596734e-03,8.374655e-03,-6.670930e+00,9.934400e+01,-2.656566e+01,-1.428033e+00,-8.087016e-01,8.941446e-01,4.474932e-01,-1.597582e-02,-4.470842e-01,8.941759e-01,2.376818e-02,2.492129e-02,-1.410965e-02,9.995898e-01,-1.643963e-01,-9.894589e-02,4.988722e-01,4.104044e-02,5.284941e-02,-9.530917e+00,
5.732334e-02,-2.851845e-01,2.467965e+00,-2.121287e-01,2.312508e-01,-9.436439e+00,-5.371341e-03,4.732608e-03,8.007954e-03,-6.669581e+00,9.935500e+01,-2.654264e+01,-1.454304e+00,-8.713388e-01,8.943139e-01,4.471574e-01,-1.590656e-02,-4.467199e-01,8.943262e-01,2.494429e-02,2.537968e-02,-1.520225e-02,9.995624e-01,-1.648676e-01,-9.949107e-02,4.990279e-01,6.379718e-02,6.619044e-02,-9.441209e+00,
6.036387e-02,-2.820473e-01,2.468111e+00,-1.962958e-01,2.666477e-01,-9.354005e+00,-4.292995e-03,4.481027e-03,7.906266e-03,-6.669998e+00,9.935001e+01,-2.652015e+01,-1.481766e+00,-9.280596e-01,8.944783e-01,4.468288e-01,-1.590269e-02,-4.463633e-01,8.944731e-01,2.603748e-02,2.585882e-02,-1.619158e-02,9.995346e-01,-1.640498e-01,-9.872963e-02,4.991720e-01,9.231738e-02,8.257380e-02,-9.359045e+00,
5.832053e-02,-2.862744e-01,2.468024e+00,-1.890961e-01,2.961750e-01,-9.290351e+00,-3.236607e-03,4.495804e-03,7.436974e-03,-6.669630e+00,9.935001e+01,-2.650033e+01,-1.509320e+00,-9.781497e-01,8.946213e-01,4.465405e-01,-1.595149e-02,-4.460483e-01,8.946008e-01,2.702855e-02,2.633955e-02,-1.706518e-02,9.995075e-01,-1.647366e-01,-9.882532e-02,4.992507e-01,1.112796e-01,9.819970e-02,-9.295810e+00,
5.930146e-02,-2.895018e-01,2.468103e+00,-1.768654e-01,3.204801e-01,-9.230291e+00,-2.251251e-03,4.591250e-03,7.097888e-03,-6.669197e+00,9.935500e+01,-2.648244e+01,-1.536333e+00,-1.021998e+00,8.947493e-01,4.462807e-01,-1.604018e-02,-4.457633e-01,8.947154e-01,2.791843e-02,2.681085e-02,-1.782987e-02,9.994816e-01,-1.648542e-01,-9.905145e-02,4.993562e-01,1.328295e-01,1.078834e-01,-9.235962e+00,
5.832032e-02,-2.862750e-01,2.468028e+00,-1.671931e-01,3.405274e-01,-9.177491e+00,-8.509009e-04,5.449787e-03,6.739188e-03,-6.669033e+00,9.935001e+01,-2.646669e+01,-1.558269e+00,-1.057740e+00,8.948626e-01,4.460510e-01,-1.611216e-02,-4.455127e-01,8.948174e-01,2.864278e-02,2.719357e-02,-1.845318e-02,9.994599e-01,-1.647552e-01,-9.810515e-02,4.993872e-01,1.501469e-01,1.163276e-01,-9.183365e+00,
5.832830e-02,-2.852119e-01,2.468050e+00,-1.563725e-01,3.502924e-01,-9.135250e+00,3.827446e-04,7.625456e-03,6.139062e-03,-6.666774e+00,9.933301e+01,-2.645460e+01,-1.567425e+00,-1.086506e+00,8.949528e-01,4.458729e-01,-1.603734e-02,-4.453220e-01,8.948958e-01,2.915982e-02,2.735331e-02,-1.895488e-02,9.994463e-01,-1.646052e-01,-9.769933e-02,4.994520e-01,1.627450e-01,1.167290e-01,-9.141109e+00,
5.929321e-02,-2.905704e-01,2.468113e+00,-1.561334e-01,3.578120e-01,-9.098187e+00,1.595024e-03,6.448063e-03,6.085488e-03,-6.667071e+00,9.934400e+01,-2.644267e+01,-1.583005e+00,-1.108786e+00,8.950388e-01,4.456975e-01,-1.611343e-02,-4.451322e-01,8.949748e-01,2.962552e-02,2.762513e-02,-1.934338e-02,9.994313e-01,-1.649080e-01,-9.847993e-02,4.995226e-01,1.663336e-01,1.201942e-01,-9.104248e+00,
5.832020e-02,-2.862782e-01,2.468045e+00,-1.518079e-01,3.598158e-01,-9.069152e+00,2.950722e-03,6.647050e-03,5.323456e-03,-6.667826e+00,9.935500e+01,-2.643509e+01,-1.596936e+00,-1.123979e+00,8.950915e-01,4.455874e-01,-1.621680e-02,-4.450107e-01,8.950237e-01,2.996891e-02,2.786819e-02,-1.960826e-02,9.994193e-01,-1.647494e-01,-9.752432e-02,4.995064e-01,1.715200e-01,1.178072e-01,-9.075171e+00,
5.729851e-02,-2.883924e-01,2.468007e+00,-1.478028e-01,3.680806e-01,-9.049459e+00,4.356454e-03,6.937210e-03,4.674170e-03,-6.666683e+00,9.933301e+01,-2.643122e+01,-1.608820e+00,-1.132270e+00,8.951164e-01,4.455330e-01,-1.633998e-02,-4.449477e-01,8.950477e-01,3.018958e-02,2.807551e-02,-1.975276e-02,9.994107e-01,-1.651528e-01,-9.769461e-02,4.995033e-01,1.795592e-01,1.220148e-01,-9.055546e+00,
5.934146e-02,-2.841654e-01,2.468088e+00,-1.568384e-01,3.688972e-01,-9.032162e+00,5.695886e-03,6.886402e-03,4.392867e-03,-6.665968e+00,9.935500e+01,-2.642891e+01,-1.620833e+00,-1.134161e+00,8.951290e-01,4.455012e-01,-1.651413e-02,-4.449090e-01,8.950627e-01,3.031174e-02,2.828510e-02,-1.978563e-02,9.994041e-01,-1.645376e-01,-9.709860e-02,4.994971e-01,1.731119e-01,1.261844e-01,-9.038514e+00,
5.829579e-02,-2.894833e-01,2.468069e+00,-1.616899e-01,3.625720e-01,-9.040001e+00,6.977327e-03,8.213689e-03,3.916176e-03,-6.666612e+00,9.935500e+01,-2.642945e+01,-1.624907e+00,-1.129288e+00,8.951229e-01,4.455096e-01,-1.661537e-02,-4.449166e-01,8.950604e-01,3.026741e-02,2.835619e-02,-1.970060e-02,9.994037e-01,-1.652106e-01,-9.792748e-02,4.994866e-01,1.669999e-01,1.228450e-01,-9.046338e+00,
5.731478e-02,-2.862556e-01,2.467988e+00,-1.603758e-01,3.461447e-01,-9.035460e+00,8.459277e-03,9.104626e-03,3.297348e-03,-6.666678e+00,9.933900e+01,-2.643367e+01,-1.623517e+00,-1.115552e+00,8.950908e-01,4.455710e-01,-1.669825e-02,-4.449828e-01,8.950350e-01,3.004326e-02,2.833192e-02,-1.946101e-02,9.994091e-01,-1.651539e-01,-9.740404e-02,4.994181e-01,1.615575e-01,1.097214e-01,-9.041402e+00,
5.834454e-02,-2.830763e-01,2.468041e+00,-1.674826e-01,3.353921e-01,-9.049663e+00,9.510241e-03,9.629455e-03,2.637548e-03,-6.666172e+00,9.934400e+01,-2.644171e+01,-1.619009e+00,-1.095961e+00,8.950304e-01,4.456896e-01,-1.677603e-02,-4.451094e-01,8.949835e-01,2.970457e-02,2.825328e-02,-1.911933e-02,9.994180e-01,-1.647678e-01,-9.710354e-02,4.993755e-01,1.513961e-01,1.059021e-01,-9.055540e+00,
5.633427e-02,-2.830265e-01,2.467901e+00,-1.694767e-01,3.269238e-01,-9.058347e+00,1.109044e-02,1.036466e-02,2.233982e-03,-6.667469e+00,9.935500e+01,-2.645210e+01,-1.609376e+00,-1.068921e+00,8.949538e-01,4.458411e-01,-1.683061e-02,-4.452738e-01,8.949178e-01,2.921042e-02,2.808522e-02,-1.864774e-02,9.994316e-01,-1.651476e-01,-9.714817e-02,4.992802e-01,1.465398e-01,1.034355e-01,-9.064054e+00,
5.732311e-02,-2.851831e-01,2.467956e+00,-1.776997e-01,3.112406e-01,-9.074865e+00,1.202948e-02,1.104543e-02,1.691764e-03,-6.669520e+00,9.934400e+01,-2.646561e+01,-1.595109e+00,-1.038102e+00,8.948551e-01,4.460390e-01,-1.684086e-02,-4.454879e-01,8.948303e-01,2.862217e-02,2.783631e-02,-1.811029e-02,9.994485e-01,-1.651921e-01,-9.785294e-02,4.992427e-01,1.326385e-01,9.792835e-02,-9.080443e+00,
5.835306e-02,-2.820016e-01,2.467996e+00,-1.784205e-01,2.969852e-01,-9.104414e+00,1.298660e-02,1.132427e-02,1.449000e-03,-6.670368e+00,9.934400e+01,-2.648052e+01,-1.578644e+00,-1.002669e+00,8.947463e-01,4.462567e-01,-1.685232e-02,-4.457242e-01,8.947340e-01,2.794516e-02,2.754905e-02,-1.749235e-02,9.994674e-01,-1.647848e-01,-9.770374e-02,4.991752e-01,1.263210e-01,9.082487e-02,-9.109675e+00,
5.735569e-02,-2.809128e-01,2.467941e+00,-1.824526e-01,2.867578e-01,-9.140933e+00,1.417395e-02,1.352489e-02,1.139953e-03,-6.669905e+00,9.935500e+01,-2.649737e+01,-1.549656e+00,-9.614483e-01,8.946275e-01,4.465000e-01,-1.671277e-02,-4.459936e-01,8.946263e-01,2.708088e-02,2.704331e-02,-1.677351e-02,9.994935e-01,-1.648220e-01,-9.782583e-02,4.990930e-01,1.175806e-01,9.036925e-02,-9.146047e+00,
5.939089e-02,-2.777547e-01,2.468043e+00,-1.957647e-01,2.557855e-01,-9.187102e+00,1.534840e-02,1.260777e-02,7.837770e-04,-6.669423e+00,9.934400e+01,-2.651616e+01,-1.525979e+00,-9.134597e-01,8.944912e-01,4.467734e-01,-1.670852e-02,-4.462919e-01,8.945053e-01,2.615277e-02,2.663022e-02,-1.593655e-02,9.995183e-01,-1.642464e-01,-9.788047e-02,4.990208e-01,9.267119e-02,7.590149e-02,-9.191967e+00,
5.736385e-02,-2.798465e-01,2.467949e+00,-1.993176e-01,2.214907e-01,-9.238448e+00,1.593613e-02,1.220702e-02,3.500532e-04,-6.668504e+00,9.935001e+01,-2.653742e+01,-1.504456e+00,-8.609491e-01,8.943344e-01,4.470849e-01,-1.677265e-02,-4.466284e-01,8.943655e-01,2.517156e-02,2.625470e-02,-1.502065e-02,9.995425e-01,-1.648335e-01,-9.849821e-02,4.988903e-01,7.572179e-02,5.456838e-02,-9.242782e+00,
5.837737e-02,-2.788016e-01,2.468002e+00,-2.091662e-01,2.071665e-01,-9.281159e+00,1.658430e-02,1.214347e-02,5.938296e-05,-6.668252e+00,9.934400e+01,-2.656044e+01,-1.486160e+00,-8.017487e-01,8.941623e-01,4.474225e-01,-1.693934e-02,-4.469913e-01,8.942133e-01,2.411165e-02,2.593548e-02,-1.398799e-02,9.995658e-01,-1.647001e-01,-9.887774e-02,4.987679e-01,6.287915e-02,5.496247e-02,-9.285452e+00,
5.539344e-02,-2.744627e-01,2.467814e+00,-2.177165e-01,1.721983e-01,-9.346877e+00,1.747824e-02,1.472053e-02,7.595433e-05,-6.667814e+00,9.934400e+01,-2.658370e+01,-1.454681e+00,-7.315353e-01,8.939933e-01,4.477582e-01,-1.698715e-02,-4.473605e-01,8.940637e-01,2.277715e-02,2.538624e-02,-1.276324e-02,9.995962e-01,-1.649012e-01,-9.850515e-02,4.985657e-01,4.124292e-02,3.845878e-02,-9.350828e+00,
5.639904e-02,-2.744846e-01,2.467867e+00,-2.262842e-01,1.484130e-01,-9.418236e+00,1.777803e-02,1.444407e-02,1.496861e-04,-6.667896e+00,9.934400e+01,-2.660652e+01,-1.425292e+00,-6.583328e-01,8.938267e-01,4.480868e-01,-1.709214e-02,-4.477223e-01,8.939164e-01,2.141220e-02,2.487347e-02,-1.148627e-02,9.996247e-01,-1.648267e-01,-9.921671e-02,4.984261e-01,2.522081e-02,3.231607e-02,-9.422033e+00,
5.539376e-02,-2.744627e-01,2.467814e+00,-2.289288e-01,1.131831e-01,-9.461455e+00,1.784161e-02,1.426829e-02,-1.032781e-05,-6.668241e+00,9.935001e+01,-2.663021e+01,-1.398147e+00,-5.839114e-01,8.936519e-01,4.484296e-01,-1.724241e-02,-4.480972e-01,8.937601e-01,2.004611e-02,2.439985e-02,-1.018797e-02,9.996505e-01,-1.651105e-01,-9.974987e-02,4.982488e-01,9.310260e-03,1.407556e-02,-9.464887e+00,
5.843367e-02,-2.713294e-01,2.467983e+00,-2.363580e-01,8.124553e-02,-9.530765e+00,1.816553e-02,1.354246e-02,-4.110737e-04,-6.667261e+00,9.935500e+01,-2.665615e+01,-1.375322e+00,-5.071591e-01,8.934575e-01,4.488074e-01,-1.747866e-02,-4.485059e-01,8.935847e-01,1.867824e-02,2.400159e-02,-8.848931e-03,9.996728e-01,-1.644996e-01,-1.000950e-01,4.981109e-01,-8.127287e-03,5.898476e-04,-9.534038e+00,
5.643092e-02,-2.702177e-01,2.467872e+00,-2.445672e-01,4.819512e-02,-9.611888e+00,1.790359e-02,1.402482e-02,-5.073181e-04,-6.664047e+00,9.936600e+01,-2.668265e+01,-1.350159e+00,-4.309598e-01,8.932595e-01,4.491942e-01,-1.767515e-02,-4.489239e-01,8.934026e-01,1.730103e-02,2.356254e-02,-7.519511e-03,9.996942e-01,-1.648868e-01,-1.003584e-01,4.979071e-01,-2.692144e-02,-1.344584e-02,-9.615074e+00,
5.744462e-02,-2.691696e-01,2.467910e+00,-2.473794e-01,1.755090e-02,-9.688700e+00,1.782176e-02,1.517503e-02,-5.690521e-04,-6.666332e+00,9.935001e+01,-2.670954e+01,-1.318896e+00,-3.544129e-01,8.930600e-01,4.495864e-01,-1.778041e-02,-4.493487e-01,8.932155e-01,1.587082e-02,2.301704e-02,-6.183995e-03,9.997160e-01,-1.647282e-01,-1.009117e-01,4.977539e-01,-4.076496e-02,-2.693129e-02,-9.691751e+00,
5.542591e-02,-2.701913e-01,2.467796e+00,-2.501608e-01,-9.521157e-03,-9.753043e+00,1.758482e-02,1.427938e-02,-3.259380e-04,-6.667313e+00,9.933900e+01,-2.673499e+01,-1.293172e+00,-2.779627e-01,8.928694e-01,4.499571e-01,-1.797289e-02,-4.497501e-01,8.930371e-01,1.448523e-02,2.256819e-02,-4.850111e-03,9.997336e-01,-1.652941e-01,-1.015381e-01,4.975510e-01,-5.235462e-02,-3.726802e-02,-9.756044e+00,
5.543416e-02,-2.691228e-01,2.467785e+00,-2.563224e-01,-3.940139e-02,-9.834102e+00,1.683643e-02,1.294726e-02,-4.672948e-04,-6.668060e+00,9.934400e+01,-2.676123e+01,-1.275493e+00,-2.044068e-01,8.926696e-01,4.503415e-01,-1.826899e-02,-4.501619e-01,8.928494e-01,1.320834e-02,2.225971e-02,-3.566681e-03,9.997460e-01,-1.653961e-01,-1.019276e-01,4.973675e-01,-6.689622e-02,-4.968509e-02,-9.837169e+00,
5.545835e-02,-2.659200e-01,2.467776e+00,-2.486081e-01,-6.901399e-02,-9.913113e+00,1.632938e-02,1.403029e-02,-2.571971e-04,-6.668199e+00,9.933900e+01,-2.678624e+01,-1.250894e+00,-1.338255e-01,8.924814e-01,4.507075e-01,-1.843528e-02,-4.505558e-01,8.926687e-01,1.192323e-02,2.183049e-02,-2.335137e-03,9.997590e-01,-1.652477e-01,-1.019672e-01,4.972039e-01,-7.023226e-02,-6.779110e-02,-9.915989e+00,
5.545827e-02,-2.659217e-01,2.467784e+00,-2.617444e-01,-9.484791e-02,-9.973387e+00,1.548458e-02,1.368556e-02,-2.425489e-04,-6.666809e+00,9.935500e+01,-2.681111e+01,-1.228117e+00,-6.915016e-02,8.922935e-01,4.510734e-01,-1.858457e-02,-4.509470e-01,8.924861e-01,1.074453e-02,2.143304e-02,-1.206621e-03,9.997696e-01,-1.653663e-01,-1.024896e-01,4.970587e-01,-9.098507e-02,-7.377698e-02,-9.976584e+00,
5.446913e-02,-2.637635e-01,2.467717e+00,-2.494203e-01,-1.108424e-01,-1.003172e+01,1.434959e-02,1.495912e-02,-4.169795e-04,-6.666862e+00,9.936600e+01,-2.683694e+01,-1.197713e+00,-1.161957e-02,8.921000e-01,4.514567e-01,-1.855965e-02,-4.513543e-01,8.922930e-01,9.617457e-03,2.090251e-02,-2.027554e-04,9.997815e-01,-1.653827e-01,-1.025368e-01,4.969289e-01,-8.636314e-02,-8.280664e-02,-1.003472e+01,
