MagX, MagY, MagZ, AccX, AccY, AccZ, GyroX, GyroY, GyroZ, Temp, Pres, Yaw, Pitch, Roll, DCM1, DCM2, DCM3, DCM4, DCM5, DCM6, DCM7, DCM8, DCM9, MagNED1, MagNED2, MagNED3, AccNED1, AccNED2, ACCNED3, 
2.571919e-02,-7.218643e-02,2.467885e+00,-6.549457e-01,1.842740e-01,-9.304317e+00,6.331412e-03,1.430617e-02,2.169243e-03,-6.343281e+00,9.933701e+01,-1.410968e+02,-2.645703e+00,-1.081417e+00,-7.773784e-01,6.272169e-01,4.776802e-02,-6.273373e-01,-7.786164e-01,1.429627e-02,4.615982e-02,-1.885304e-02,9.987562e-01,1.119165e-02,1.753274e-01,4.941595e-01,1.802716e-01,1.343760e-01,-9.326451e+00,
2.482623e-02,-5.719899e-02,2.467767e+00,-6.233919e-01,1.859588e-01,-9.327380e+00,7.099929e-03,1.571361e-02,2.344719e-03,-6.342505e+00,9.932600e+01,-1.410424e+02,-2.619866e+00,-1.074955e+00,-7.767995e-01,6.279669e-01,4.733340e-02,-6.280872e-01,-7.780146e-01,1.414612e-02,4.570936e-02,-1.874080e-02,9.987791e-01,1.271790e-02,1.731509e-01,4.941158e-01,1.595298e-01,1.149195e-01,-9.347972e+00,
2.676569e-02,-6.686623e-02,2.467938e+00,-6.037381e-01,1.825984e-01,-9.359322e+00,8.094990e-03,1.469575e-02,2.356498e-03,-6.341121e+00,9.933701e+01,-1.410378e+02,-2.599352e+00,-1.062474e+00,-7.767612e-01,6.280453e-01,4.691739e-02,-6.281604e-01,-7.779564e-01,1.409456e-02,4.535170e-02,-1.852354e-02,9.987994e-01,1.107161e-02,1.743115e-01,4.942131e-01,1.445254e-01,1.052753e-01,-9.378848e+00,
2.169302e-02,-7.209805e-02,2.467684e+00,-5.767383e-01,1.642901e-01,-9.413962e+00,8.681279e-03,1.440649e-02,2.597541e-03,-6.340362e+00,9.934801e+01,-1.410352e+02,-2.576790e+00,-1.044200e+00,-7.767466e-01,6.281008e-01,4.641061e-02,-6.282064e-01,-7.779189e-01,1.409746e-02,4.495832e-02,-1.820529e-02,9.988229e-01,1.093184e-02,1.756779e-01,4.941458e-01,1.142626e-01,1.017933e-01,-9.431801e+00,
2.270781e-02,-7.105091e-02,2.467726e+00,-5.647999e-01,1.494770e-01,-9.464423e+00,9.408508e-03,1.602495e-02,3.000482e-03,-6.340775e+00,9.934801e+01,-1.410306e+02,-2.541860e+00,-1.020066e+00,-7.767169e-01,6.281915e-01,4.567143e-02,-6.282863e-01,-7.778553e-01,1.404590e-02,4.434928e-02,-1.778505e-02,9.988577e-01,1.052516e-02,1.753779e-01,4.941765e-01,1.003361e-01,1.056483e-01,-9.481318e+00,
2.275645e-02,-6.463673e-02,2.467690e+00,-5.406042e-01,1.567643e-01,-9.502069e+00,1.003759e-02,1.520704e-02,3.498728e-03,-6.341341e+00,9.936401e+01,-1.410231e+02,-2.510000e+00,-9.918638e-01,-7.766545e-01,6.283228e-01,4.492854e-02,-6.284029e-01,-7.777606e-01,1.408529e-02,4.379376e-02,-1.729382e-02,9.988911e-01,1.088348e-02,1.744504e-01,4.941513e-01,9.144726e-02,8.395275e-02,-9.517918e+00,
2.375521e-02,-6.572678e-02,2.467736e+00,-5.155792e-01,1.373914e-01,-9.543435e+00,1.076639e-02,1.557848e-02,3.489950e-03,-6.342611e+00,9.934801e+01,-1.410162e+02,-2.474935e+00,-9.587930e-01,-7.765985e-01,6.284512e-01,4.408889e-02,-6.285142e-01,-7.776694e-01,1.415504e-02,4.318233e-02,-1.671771e-02,9.989274e-01,1.016887e-02,1.745248e-01,4.941694e-01,6.598240e-02,8.211605e-02,-9.557759e+00,
2.375493e-02,-6.572746e-02,2.467739e+00,-4.821478e-01,1.077132e-01,-9.617296e+00,1.125944e-02,1.791276e-02,3.846364e-03,-6.342956e+00,9.934801e+01,-1.410074e+02,-2.424777e+00,-9.218262e-01,-7.765316e-01,6.286091e-01,4.300148e-02,-6.286562e-01,-7.775553e-01,1.411320e-02,4.230771e-02,-1.607380e-02,9.989753e-01,9.600716e-03,1.745021e-01,4.941892e-01,2.855450e-02,8.362147e-02,-9.629571e+00,
2.578429e-02,-6.363358e-02,2.467833e+00,-4.583102e-01,1.061905e-01,-9.655297e+00,1.143709e-02,1.724013e-02,4.019336e-03,-6.343476e+00,9.935300e+01,-1.409976e+02,-2.377984e+00,-8.838164e-01,-7.764505e-01,6.287807e-01,4.194791e-02,-6.288110e-01,-7.774300e-01,1.412285e-02,4.149174e-02,-1.541161e-02,9.990200e-01,8.998092e-03,1.739580e-01,4.942264e-01,1.760617e-02,6.927447e-02,-9.666489e+00,
2.381982e-02,-5.717679e-02,2.467715e+00,-4.073636e-01,1.025833e-01,-9.701747e+00,1.174475e-02,1.821541e-02,4.320923e-03,-6.342149e+00,9.935300e+01,-1.409861e+02,-2.324645e+00,-8.438039e-01,-7.763539e-01,6.289765e-01,4.078320e-02,-6.289908e-01,-7.772850e-01,1.408861e-02,4.056158e-02,-1.471451e-02,9.990687e-01,9.434562e-03,1.732257e-01,4.941891e-01,-1.488745e-02,3.980736e-02,-9.710745e+00,
2.377108e-02,-6.359057e-02,2.467741e+00,-3.676121e-01,8.089516e-02,-9.782990e+00,1.207470e-02,1.664548e-02,4.794205e-03,-6.341064e+00,9.936401e+01,-1.409717e+02,-2.279546e+00,-8.015142e-01,-7.762209e-01,6.292098e-01,3.970436e-02,-6.292053e-01,-7.771100e-01,1.417722e-02,3.977509e-02,-1.397754e-02,9.991111e-01,8.101787e-03,1.742109e-01,4.942069e-01,-5.217910e-02,2.974351e-02,-9.790046e+00,
2.278044e-02,-6.143153e-02,2.467693e+00,-3.310624e-01,6.108627e-02,-9.865513e+00,1.220528e-02,1.699846e-02,4.944685e-03,-6.340206e+00,9.934801e+01,-1.409565e+02,-2.232125e+00,-7.583896e-01,-7.760789e-01,6.294543e-01,3.858459e-02,-6.294319e-01,-7.769250e-01,1.425165e-02,3.894809e-02,-1.322597e-02,9.991537e-01,7.898849e-03,1.740457e-01,4.941829e-01,-8.527514e-02,2.032200e-02,-9.870867e+00,
2.280480e-02,-5.822459e-02,2.467677e+00,-2.961237e-01,4.206052e-02,-9.922774e+00,1.200633e-02,1.780152e-02,4.585629e-03,-6.339140e+00,9.936401e+01,-1.409434e+02,-2.179673e+00,-7.159904e-01,-7.759621e-01,6.296698e-01,3.740507e-02,-6.296322e-01,-7.767627e-01,1.425896e-02,3.803330e-02,-1.248703e-02,9.991986e-01,7.648967e-03,1.735745e-01,4.941820e-01,-1.148972e-01,1.228949e-02,-9.926610e+00,
2.277253e-02,-6.249981e-02,2.467690e+00,-2.575774e-01,3.380924e-02,-9.990637e+00,1.187965e-02,1.666580e-02,4.614024e-03,-6.339860e+00,9.934801e+01,-1.409300e+02,-2.133329e+00,-6.741621e-01,-7.758383e-01,6.298860e-01,3.631442e-02,-6.298329e-01,-7.765988e-01,1.432526e-02,3.722501e-02,-1.175792e-02,9.992379e-01,6.563762e-03,1.742334e-01,4.941918e-01,-1.416698e-01,-7.144049e-03,-9.993009e+00,
2.375465e-02,-6.572928e-02,2.467761e+00,-2.340067e-01,9.025140e-03,-1.007234e+01,1.153666e-02,1.921131e-02,4.855887e-03,-6.340551e+00,9.936401e+01,-1.409153e+02,-2.072346e+00,-6.342712e-01,-7.757074e-01,6.301190e-01,3.504650e-02,-6.300561e-01,-7.764199e-01,1.420458e-02,3.616137e-02,-1.106266e-02,9.992849e-01,5.363490e-03,1.745263e-01,4.942491e-01,-1.657926e-01,-2.643377e-03,-1.007370e+01,
2.278892e-02,-6.036083e-02,2.467669e+00,-1.982926e-01,-9.324293e-03,-1.013732e+01,1.093135e-02,1.605873e-02,4.703415e-03,-6.341554e+00,9.935300e+01,-1.409013e+02,-2.029185e+00,-5.976444e-01,-7.755741e-01,6.303372e-01,3.405589e-02,-6.302627e-01,-7.762515e-01,1.423464e-02,3.540856e-02,-1.042413e-02,9.993187e-01,5.606348e-03,1.738677e-01,4.942163e-01,-1.973222e-01,-1.208667e-02,-1.013734e+01,
2.179071e-02,-5.926857e-02,2.467595e+00,-1.673517e-01,-1.066828e-02,-1.017268e+01,1.063637e-02,1.647374e-02,4.916606e-03,-6.342449e+00,9.935300e+01,-1.408861e+02,-1.983321e+00,-5.626094e-01,-7.754284e-01,6.305702e-01,3.304585e-02,-6.304864e-01,-7.760702e-01,1.421358e-02,3.460856e-02,-9.813348e-03,9.993529e-01,5.333912e-03,1.738127e-01,4.942046e-01,-2.131228e-01,-3.079791e-02,-1.017179e+01,
2.076825e-02,-6.138328e-02,2.467546e+00,-1.331980e-01,-1.803317e-02,-1.019959e+01,1.027595e-02,1.730468e-02,4.612357e-03,-6.343605e+00,9.935900e+01,-1.408726e+02,-1.932176e+00,-5.292773e-01,-7.753041e-01,6.307779e-01,3.198355e-02,-6.306877e-01,-7.759086e-01,1.410979e-02,3.371645e-02,-9.232249e-03,9.993889e-01,4.663922e-03,1.741889e-01,4.942173e-01,-2.343250e-01,-4.591562e-02,-1.019768e+01,
2.179151e-02,-5.926581e-02,2.467564e+00,-1.082170e-01,-2.328690e-02,-1.022305e+01,9.619822e-03,1.631578e-02,4.511654e-03,-6.346030e+00,9.935900e+01,-1.408597e+02,-1.886106e+00,-4.993499e-01,-7.751828e-01,6.309747e-01,3.102751e-02,-6.308792e-01,-7.757546e-01,1.401495e-02,3.291281e-02,-8.710469e-03,9.994203e-01,4.252891e-03,1.737084e-01,4.942457e-01,-2.480012e-01,-5.693864e-02,-1.022048e+01,
2.175088e-02,-6.461059e-02,2.467589e+00,-8.913800e-02,-8.378783e-03,-1.021577e+01,8.712168e-03,1.516911e-02,4.390681e-03,-6.347601e+00,9.933701e+01,-1.408474e+02,-1.845968e+00,-4.743685e-01,-7.750652e-01,6.311590e-01,3.020638e-02,-6.310598e-01,-7.756094e-01,1.391771e-02,3.221264e-02,-8.274902e-03,9.994469e-01,3.179573e-03,1.744433e-01,4.942799e-01,-2.447821e-01,-7.943004e-02,-1.021292e+01,
2.179127e-02,-5.926650e-02,2.467569e+00,-7.071146e-02,6.014473e-03,-1.018932e+01,8.402091e-03,1.410292e-02,3.682505e-03,-6.346360e+00,9.935300e+01,-1.408391e+02,-1.810943e+00,-4.506849e-01,-7.749889e-01,6.312873e-01,2.946969e-02,-6.311842e-01,-7.755092e-01,1.385682e-02,3.160165e-02,-7.861925e-03,9.994696e-01,3.418015e-03,1.736261e-01,4.942821e-01,-2.416786e-01,-1.012238e-01,-1.018620e+01,
1.977004e-02,-6.029108e-02,2.467472e+00,-6.307244e-02,4.944511e-03,-1.018195e+01,7.956848e-03,1.671042e-02,3.599239e-03,-6.346137e+00,9.935900e+01,-1.408315e+02,-1.759298e+00,-4.286291e-01,-7.749261e-01,6.314079e-01,2.852631e-02,-6.313058e-01,-7.754149e-01,1.359024e-02,3.070071e-02,-7.477394e-03,9.995006e-01,3.099682e-03,1.738822e-01,4.943035e-01,-2.384550e-01,-1.023912e-01,-1.017884e+01,
2.183990e-02,-5.285382e-02,2.467556e+00,-5.033398e-02,-6.212808e-03,-1.018524e+01,7.523890e-03,1.590647e-02,3.146458e-03,-6.344341e+00,9.934801e+01,-1.408264e+02,-1.709345e+00,-4.072608e-01,-7.748903e-01,6.314924e-01,2.761403e-02,-6.313916e-01,-7.753496e-01,1.333150e-02,2.982927e-02,-7.104820e-03,9.995298e-01,3.214467e-03,1.724215e-01,4.943691e-01,-2.461755e-01,-9.918694e-02,-1.018191e+01,
2.080858e-02,-5.603845e-02,2.467523e+00,-4.532634e-02,1.381786e-02,-1.016195e+01,6.734410e-03,1.561765e-02,2.977401e-03,-6.343723e+00,9.935900e+01,-1.408222e+02,-1.658403e+00,-3.895444e-01,-7.748652e-01,6.315615e-01,2.672888e-02,-6.314639e-01,-7.752963e-01,1.301180e-02,2.894055e-02,-6.795934e-03,9.995582e-01,2.534815e-03,1.728500e-01,4.944197e-01,-2.277690e-01,-1.143163e-01,-1.015887e+01,
1.982646e-02,-5.280904e-02,2.467449e+00,-4.524559e-02,2.064573e-02,-1.013746e+01,6.113739e-03,1.287470e-02,2.732458e-03,-6.343450e+00,9.934801e+01,-1.408194e+02,-1.622501e+00,-3.753633e-01,-7.748477e-01,6.316096e-01,2.608640e-02,-6.315136e-01,-7.752591e-01,1.280931e-02,2.831420e-02,-6.548652e-03,9.995777e-01,2.734563e-03,1.723944e-01,4.944332e-01,-2.163513e-01,-1.172864e-01,-1.013459e+01,
1.977798e-02,-5.922284e-02,2.467478e+00,-5.512924e-02,4.249854e-03,-1.014008e+01,5.546201e-03,1.516005e-02,2.136924e-03,-6.344116e+00,9.935300e+01,-1.408201e+02,-1.573704e+00,-3.637910e-01,-7.748736e-01,6.316098e-01,2.529907e-02,-6.315194e-01,-7.752606e-01,1.242775e-02,2.746286e-02,-6.346914e-03,9.996027e-01,1.590581e-03,1.731478e-01,4.945138e-01,-2.111322e-01,-9.449799e-02,-1.013759e+01,
1.878752e-02,-5.706235e-02,2.467416e+00,-5.030796e-02,1.007570e-03,-1.012534e+01,4.906721e-03,1.443840e-02,1.572546e-03,-6.343343e+00,9.936401e+01,-1.408239e+02,-1.529057e+00,-3.557501e-01,-7.749326e-01,6.315647e-01,2.460744e-02,-6.314805e-01,-7.752983e-01,1.204280e-02,2.668392e-02,-6.206760e-03,9.996246e-01,1.660202e-03,1.727603e-01,4.945620e-01,-2.095370e-01,-9.095007e-02,-1.012288e+01,
1.876347e-02,-6.026924e-02,2.467430e+00,-6.051750e-02,1.049883e-02,-1.008367e+01,4.531651e-03,1.197539e-02,1.251789e-03,-6.343672e+00,9.934801e+01,-1.408295e+02,-1.498375e+00,-3.500848e-01,-7.750049e-01,6.314945e-01,2.413116e-02,-6.314141e-01,-7.753564e-01,1.177896e-02,2.614859e-02,-6.108005e-03,9.996394e-01,1.062559e-03,1.731018e-01,4.946142e-01,-1.897993e-01,-8.870386e-02,-1.008168e+01,
1.979431e-02,-5.708491e-02,2.467473e+00,-6.590156e-02,9.951746e-03,-1.006339e+01,3.684570e-03,1.440827e-02,1.262283e-03,-6.343307e+00,9.934801e+01,-1.408351e+02,-1.453977e+00,-3.493368e-01,-7.750818e-01,6.314230e-01,2.352349e-02,-6.313514e-01,-7.754148e-01,1.129753e-02,2.537397e-02,-6.095078e-03,9.996595e-01,1.006423e-03,1.722773e-01,4.947070e-01,-1.793631e-01,-7.980105e-02,-1.006169e+01,
2.077620e-02,-6.031539e-02,2.467551e+00,-7.876164e-02,7.834641e-03,-1.004801e+01,3.053660e-03,1.306929e-02,5.489446e-04,-6.342777e+00,9.934801e+01,-1.408447e+02,-1.417780e+00,-3.521352e-01,-7.752002e-01,6.312944e-01,2.306648e-02,-6.312310e-01,-7.755190e-01,1.085691e-02,2.474240e-02,-6.144000e-03,9.996751e-01,2.814913e-04,1.724161e-01,4.948056e-01,-1.657701e-01,-6.544940e-02,-1.004674e+01,
1.977822e-02,-5.922249e-02,2.467471e+00,-7.677364e-02,1.670629e-02,-1.001211e+01,2.352494e-03,1.263531e-02,1.137383e-04,-6.343179e+00,9.934801e+01,-1.408568e+02,-1.383635e+00,-3.588353e-01,-7.753450e-01,6.311306e-01,2.268054e-02,-6.310763e-01,-7.756514e-01,1.038526e-02,2.414664e-02,-6.260992e-03,9.996889e-01,4.014773e-04,1.721439e-01,4.948653e-01,-1.570101e-01,-6.848655e-02,-1.001095e+01,
1.877139e-02,-5.920133e-02,2.467434e+00,-9.081268e-02,3.271006e-02,-9.939505e+00,1.794085e-03,1.176548e-02,-9.183969e-04,-6.343454e+00,9.934801e+01,-1.408748e+02,-1.358372e+00,-3.712417e-01,-7.755507e-01,6.308849e-01,2.247844e-02,-6.308400e-01,-7.758493e-01,9.932006e-03,2.370584e-02,-6.477525e-03,9.996980e-01,5.039973e-04,1.720393e-01,4.949305e-01,-1.323584e-01,-6.680903e-02,-9.938869e+00,
2.076783e-02,-6.138470e-02,2.467561e+00,-9.970419e-02,3.446348e-02,-9.900435e+00,1.461156e-03,1.152424e-02,-9.645574e-04,-6.342269e+00,9.935900e+01,-1.408930e+02,-1.336771e+00,-3.864817e-01,-7.757578e-01,6.306346e-01,2.235689e-02,-6.305994e-01,-7.760506e-01,9.480727e-03,2.332895e-02,-6.743491e-03,9.997051e-01,-5.244371e-05,1.719016e-01,4.950425e-01,-1.222627e-01,-5.773532e-02,-9.900074e+00,
1.772452e-02,-6.452223e-02,2.467395e+00,-1.213511e-01,4.296352e-02,-9.854644e+00,6.984430e-04,1.235798e-02,-1.441892e-03,-6.343407e+00,9.936401e+01,-1.409139e+02,-1.311378e+00,-4.064468e-01,-7.759963e-01,6.303456e-01,2.223609e-02,-6.303223e-01,-7.762824e-01,8.922703e-03,2.288587e-02,-7.091919e-03,9.997131e-01,2.179109e-05,1.724489e-01,4.950968e-01,-9.787891e-02,-4.479158e-02,-9.854898e+00,
1.874782e-02,-6.240508e-02,2.467415e+00,-1.439810e-01,5.580357e-02,-9.798408e+00,4.222741e-04,1.263268e-02,-1.816285e-03,-6.345566e+00,9.936401e+01,-1.409370e+02,-1.287030e+00,-4.292489e-01,-7.762572e-01,6.300266e-01,2.216054e-02,-6.300160e-01,-7.765374e-01,8.336994e-03,2.246102e-02,-7.489846e-03,9.997196e-01,1.551770e-04,1.717324e-01,4.952012e-01,-7.021403e-02,-3.431250e-02,-9.799312e+00,
1.777376e-02,-5.810668e-02,2.467330e+00,-1.640749e-01,6.866931e-02,-9.721213e+00,1.706567e-04,1.327536e-02,-2.163616e-03,-6.347917e+00,9.934801e+01,-1.409620e+02,-1.261015e+00,-4.545069e-01,-7.765407e-01,6.296799e-01,2.208920e-02,-6.296828e-01,-7.768143e-01,7.698956e-03,2.200709e-02,-7.930639e-03,9.997265e-01,8.464996e-04,1.709078e-01,4.952827e-01,-4.408334e-02,-2.487135e-02,-9.722710e+00,
1.873147e-02,-6.454258e-02,2.467416e+00,-1.923565e-01,6.914806e-02,-9.687639e+00,-2.384317e-05,1.390316e-02,-2.609067e-03,-6.347284e+00,9.936401e+01,-1.409897e+02,-1.232254e+00,-4.810214e-01,-7.768530e-01,6.292979e-01,2.199419e-02,-6.293148e-01,-7.771189e-01,7.012784e-03,2.150523e-02,-8.393368e-03,9.997335e-01,-2.058968e-05,1.714011e-01,4.954282e-01,-2.012438e-02,-6.208271e-04,-9.689775e+00,
1.672665e-02,-6.342821e-02,2.467297e+00,-2.328675e-01,7.010060e-02,-9.638518e+00,3.519674e-05,1.068177e-02,-2.522010e-03,-6.348321e+00,9.935900e+01,-1.410167e+02,-1.222868e+00,-5.074021e-01,-7.771522e-01,6.289224e-01,2.215977e-02,-6.289507e-01,-7.774177e-01,6.541440e-03,2.134145e-02,-8.853707e-03,9.997331e-01,5.671224e-04,1.712469e-01,4.954749e-01,1.147398e-02,2.891491e-02,-9.641536e+00,
1.771698e-02,-6.558941e-02,2.467373e+00,-2.643579e-01,9.015661e-02,-9.566947e+00,-1.568387e-04,1.239478e-02,-2.659771e-03,-6.347086e+00,9.935900e+01,-1.410446e+02,-1.204636e+00,-5.354197e-01,-7.774637e-01,6.285353e-01,2.222292e-02,-6.285766e-01,-7.777251e-01,5.950333e-03,2.102331e-02,-9.342638e-03,9.997355e-01,2.815155e-04,1.711585e-01,4.955962e-01,4.958980e-02,3.912562e-02,-9.570817e+00,
1.672656e-02,-6.342997e-02,2.467314e+00,-2.996854e-01,9.730800e-02,-9.508203e+00,-4.125632e-05,1.299097e-02,-2.653059e-03,-6.346336e+00,9.937501e+01,-1.410724e+02,-1.183613e+00,-5.629745e-01,-7.777752e-01,6.281489e-01,2.224254e-02,-6.282030e-01,-7.780312e-01,5.334866e-03,2.065648e-02,-9.823506e-03,9.997384e-01,7.749777e-04,1.706593e-01,4.956805e-01,8.272524e-02,6.182967e-02,-9.512861e+00,
1.873900e-02,-6.347610e-02,2.467437e+00,-3.221628e-01,9.736685e-02,-9.476272e+00,2.370434e-04,1.326774e-02,-2.870298e-03,-6.344973e+00,9.935900e+01,-1.411016e+02,-1.161572e+00,-5.890191e-01,-7.781007e-01,6.277459e-01,2.223129e-02,-6.278122e-01,-7.783504e-01,4.728240e-03,2.027187e-02,-1.027803e-02,9.997416e-01,5.566496e-04,1.701328e-01,4.958130e-01,1.011270e-01,8.166612e-02,-9.481355e+00,
1.873890e-02,-6.347723e-02,2.467455e+00,-3.446352e-01,1.073338e-01,-9.421503e+00,2.578076e-04,1.279355e-02,-2.564008e-03,-6.342885e+00,9.937501e+01,-1.411289e+02,-1.142867e+00,-6.152763e-01,-7.784056e-01,6.273668e-01,2.226695e-02,-6.274449e-01,-7.786500e-01,4.155965e-03,1.994547e-02,-1.073626e-02,9.997435e-01,6.559305e-04,1.698542e-01,4.959118e-01,1.258154e-01,9.350872e-02,-9.427113e+00,
1.771578e-02,-6.559369e-02,2.467425e+00,-3.466953e-01,1.360545e-01,-9.378238e+00,8.120543e-04,1.253922e-02,-2.234546e-03,-6.341177e+00,9.935900e+01,-1.411544e+02,-1.125984e+00,-6.389001e-01,-7.786889e-01,6.270140e-01,2.229788e-02,-6.271026e-01,-7.789283e-01,3.640131e-03,1.965086e-02,-1.114853e-02,9.997448e-01,6.472329e-04,1.700342e-01,4.959927e-01,1.461611e-01,7.729880e-02,-9.384174e+00,
1.669349e-02,-6.770796e-02,2.467360e+00,-3.574916e-01,1.378490e-01,-9.349376e+00,1.149294e-03,1.158501e-02,-2.279121e-03,-6.342022e+00,9.936401e+01,-1.411801e+02,-1.115079e+00,-6.607199e-01,-7.789724e-01,6.266585e-01,2.238991e-02,-6.267563e-01,-7.792088e-01,3.214126e-03,1.946057e-02,-1.152930e-02,9.997443e-01,6.696451e-04,1.702584e-01,4.960521e-01,1.555286e-01,8.659686e-02,-9.355531e+00,
1.672590e-02,-6.343142e-02,2.467338e+00,-3.540455e-01,1.334676e-01,-9.355055e+00,1.754428e-03,1.249542e-02,-2.244352e-03,-6.342913e+00,9.937100e+01,-1.412056e+02,-1.099312e+00,-6.790664e-01,-7.792557e-01,6.263066e-01,2.237746e-02,-6.264125e-01,-7.794868e-01,2.782189e-03,1.918544e-02,-1.184949e-02,9.997458e-01,1.239127e-03,1.694173e-01,4.961101e-01,1.501412e-01,9.171472e-02,-9.361051e+00,
1.671810e-02,-6.450005e-02,2.467342e+00,-3.502046e-01,1.391862e-01,-9.347988e+00,2.270892e-03,1.181625e-02,-1.887958e-03,-6.343191e+00,9.936401e+01,-1.412290e+02,-1.088234e+00,-6.947957e-01,-7.795148e-01,6.259831e-01,2.239975e-02,-6.260957e-01,-7.797424e-01,2.437927e-03,1.899213e-02,-1.212399e-02,9.997461e-01,1.195063e-03,1.694083e-01,4.961700e-01,1.507253e-01,8.794252e-02,-9.353953e+00,
1.672572e-02,-6.343247e-02,2.467349e+00,-3.360406e-01,1.453663e-01,-9.345922e+00,2.736615e-03,1.054811e-02,-1.545710e-03,-6.342699e+00,9.935900e+01,-1.412504e+02,-1.084947e+00,-7.083744e-01,-7.797495e-01,6.256872e-01,2.250420e-02,-6.258053e-01,-7.799762e-01,2.208804e-03,1.893476e-02,-1.236094e-02,9.997444e-01,1.435149e-03,1.691407e-01,4.962060e-01,1.426588e-01,7.627046e-02,-9.351693e+00,
1.873070e-02,-6.454512e-02,2.467454e+00,-3.337257e-01,1.406597e-01,-9.358355e+00,3.595985e-03,1.209600e-02,-1.621848e-03,-6.342851e+00,9.935300e+01,-1.412724e+02,-1.074120e+00,-7.172477e-01,-7.799921e-01,6.253866e-01,2.245452e-02,-6.255088e-01,-7.802149e-01,1.961154e-03,1.874583e-02,-1.251581e-02,9.997461e-01,1.050336e-03,1.689488e-01,4.962762e-01,1.381327e-01,8.065037e-02,-9.363995e+00,
1.674262e-02,-6.129277e-02,2.467315e+00,-3.354523e-01,1.356979e-01,-9.391686e+00,4.078624e-03,1.168499e-02,-1.278717e-03,-6.344467e+00,9.936401e+01,-1.412923e+02,-1.068038e+00,-7.239428e-01,-7.802111e-01,6.251137e-01,2.244544e-02,-6.252388e-01,-7.804316e-01,1.795794e-03,1.863970e-02,-1.263266e-02,9.997466e-01,1.778900e-03,1.686263e-01,4.962620e-01,1.357498e-01,8.696936e-02,-9.397274e+00,
1.667739e-02,-6.984485e-02,2.467360e+00,-3.309180e-01,1.395687e-01,-9.403895e+00,4.796867e-03,1.231993e-02,-1.067385e-03,-6.344607e+00,9.935900e+01,-1.413110e+02,-1.061577e+00,-7.276735e-01,-7.804169e-01,6.248583e-01,2.239871e-02,-6.249852e-01,-7.806351e-01,1.667162e-03,1.852696e-02,-1.269778e-02,9.997478e-01,8.142721e-04,1.698303e-01,4.963112e-01,1.348295e-01,8.218882e-02,-9.409427e+00,
1.670946e-02,-6.557004e-02,2.467356e+00,-3.148947e-01,1.295292e-01,-9.413302e+00,5.398363e-03,9.922287e-03,-1.034935e-03,-6.343089e+00,9.935900e+01,-1.413294e+02,-1.069907e+00,-7.275826e-01,-7.806152e-01,6.246063e-01,2.251173e-02,-6.247329e-01,-7.808366e-01,1.752032e-03,1.867232e-02,-1.269616e-02,9.997450e-01,1.422632e-03,1.692434e-01,4.962843e-01,1.148066e-01,7.909155e-02,-9.418427e+00,
1.769967e-02,-6.773087e-02,2.467421e+00,-3.225387e-01,1.289118e-01,-9.442243e+00,5.667796e-03,1.052288e-02,-4.543632e-04,-6.341840e+00,9.935900e+01,-1.413445e+02,-1.075471e+00,-7.260314e-01,-7.807787e-01,6.244001e-01,2.257111e-02,-6.245260e-01,-7.810021e-01,1.827884e-03,1.876941e-02,-1.266907e-02,9.997437e-01,1.097078e-03,1.694850e-01,4.962914e-01,1.192020e-01,8.349409e-02,-9.447509e+00,
1.669324e-02,-6.770837e-02,2.467368e+00,-3.033391e-01,1.188836e-01,-9.476354e+00,6.132183e-03,1.011010e-02,-6.532248e-04,-6.341854e+00,9.935900e+01,-1.413608e+02,-1.083600e+00,-7.208643e-01,-7.809536e-01,6.241793e-01,2.262613e-02,-6.243029e-01,-7.811800e-01,1.980502e-03,1.891127e-02,-1.257888e-02,9.997422e-01,1.322313e-03,1.696786e-01,4.962508e-01,9.668520e-02,7.773809e-02,-9.481142e+00,
1.771594e-02,-6.559291e-02,2.467412e+00,-3.007867e-01,1.306338e-01,-9.487261e+00,6.665082e-03,9.707802e-03,-1.631558e-04,-6.342217e+00,9.935900e+01,-1.413742e+02,-1.093676e+00,-7.138687e-01,-7.810968e-01,6.239978e-01,2.268775e-02,-6.241183e-01,-7.813269e-01,2.180355e-03,1.908708e-02,-1.245677e-02,9.997403e-01,1.490250e-03,1.693487e-01,4.962229e-01,1.012142e-01,6.497316e-02,-9.492166e+00,
1.670950e-02,-6.557041e-02,2.467359e+00,-2.887127e-01,1.196467e-01,-9.512862e+00,7.288179e-03,8.786967e-03,-2.518744e-05,-6.341486e+00,9.935900e+01,-1.413867e+02,-1.108518e+00,-7.021872e-01,-7.812295e-01,6.238288e-01,2.276340e-02,-6.239441e-01,-7.814651e-01,2.496332e-03,1.934608e-02,-1.225288e-02,9.997377e-01,1.714434e-03,1.696225e-01,4.961545e-01,8.364488e-02,6.289363e-02,-9.517419e+00,
1.973728e-02,-6.456874e-02,2.467518e+00,-2.804419e-01,1.157811e-01,-9.535674e+00,7.487443e-03,8.985217e-03,-5.137972e-06,-6.341924e+00,9.935900e+01,-1.413992e+02,-1.120609e+00,-6.887327e-01,-7.813619e-01,6.236624e-01,2.278237e-02,-6.237718e-01,-7.816017e-01,2.806549e-03,1.955707e-02,-1.201807e-02,9.997367e-01,1.432519e-03,1.692756e-01,4.961401e-01,7.408960e-02,5.767472e-02,-9.540040e+00,
1.773236e-02,-6.345396e-02,2.467393e+00,-2.736267e-01,1.086185e-01,-9.560966e+00,7.913191e-03,8.687136e-03,-1.082712e-04,-6.342954e+00,9.936401e+01,-1.414122e+02,-1.131961e+00,-6.722018e-01,-7.815009e-01,6.234891e-01,2.275795e-02,-6.235915e-01,-7.817442e-01,3.150458e-03,1.975517e-02,-1.172958e-02,9.997362e-01,1.883048e-03,1.695196e-01,4.960475e-01,6.397393e-02,5.559801e-02,-9.565124e+00,
1.870637e-02,-6.775293e-02,2.467469e+00,-2.715207e-01,1.220839e-01,-9.573409e+00,8.118232e-03,7.885195e-03,-2.082368e-04,-6.342825e+00,9.935900e+01,-1.414258e+02,-1.146035e+00,-6.547986e-01,-7.816445e-01,6.233087e-01,2.276135e-02,-6.234034e-01,-7.818924e-01,3.535680e-03,2.000075e-02,-1.142586e-02,9.997346e-01,1.275885e-03,1.702315e-01,4.960083e-01,7.042488e-02,3.996192e-02,-9.577694e+00,
2.072757e-02,-6.672776e-02,2.467566e+00,-2.646717e-01,1.265917e-01,-9.580959e+00,8.542000e-03,6.607729e-03,1.503867e-06,-6.344190e+00,9.935900e+01,-1.414380e+02,-1.167279e+00,-6.360936e-01,-7.817719e-01,6.231458e-01,2.284853e-02,-6.232318e-01,-7.820270e-01,4.017192e-03,2.037146e-02,-1.109940e-02,9.997309e-01,1.177206e-03,1.700844e-01,4.959493e-01,6.688724e-02,2.746513e-02,-9.585178e+00,
1.971266e-02,-6.777601e-02,2.467537e+00,-2.755910e-01,1.151444e-01,-9.602664e+00,9.027426e-03,6.543362e-03,1.575598e-04,-6.342990e+00,9.935900e+01,-1.414494e+02,-1.189865e+00,-6.139735e-01,-7.818893e-01,6.229962e-01,2.291700e-02,-6.230717e-01,-7.821516e-01,4.560219e-03,2.076557e-02,-1.071335e-02,9.997271e-01,1.269509e-03,1.706292e-01,4.958488e-01,6.715190e-02,3.786232e-02,-9.606999e+00,
1.973745e-02,-6.456763e-02,2.467506e+00,-2.701900e-01,1.134400e-01,-9.626276e+00,9.151285e-03,7.330953e-03,-2.777013e-04,-6.342775e+00,9.937501e+01,-1.414633e+02,-1.207028e+00,-5.911981e-01,-7.820354e-01,6.228130e-01,2.290479e-02,-6.228780e-01,-7.823028e-01,5.052207e-03,2.106506e-02,-1.031588e-02,9.997250e-01,1.675381e-03,1.704000e-01,4.957519e-01,6.146227e-02,3.091700e-02,-9.630490e+00,
1.871448e-02,-6.668305e-02,2.467465e+00,-2.753399e-01,1.177534e-01,-9.609939e+00,9.526986e-03,5.321885e-03,2.593089e-04,-6.343542e+00,9.935900e+01,-1.414740e+02,-1.235799e+00,-5.668069e-01,-7.821435e-01,6.226726e-01,2.303339e-02,-6.227251e-01,-7.824200e-01,5.693691e-03,2.156709e-02,-9.890186e-03,9.997185e-01,1.671447e-03,1.711513e-01,4.956335e-01,6.732763e-02,2.461240e-02,-9.614337e+00,
1.972932e-02,-6.563663e-02,2.467514e+00,-2.771567e-01,1.180734e-01,-9.624214e+00,9.709156e-03,7.168083e-03,1.323505e-04,-6.344010e+00,9.937100e+01,-1.414855e+02,-1.253764e+00,-5.421396e-01,-7.822633e-01,6.225228e-01,2.301179e-02,-6.225635e-01,-7.825446e-01,6.221159e-03,2.188056e-02,-9.459714e-03,9.997158e-01,1.666410e-03,1.711416e-01,4.955540e-01,6.884255e-02,2.027617e-02,-9.628660e+00,
1.979406e-02,-5.708556e-02,2.467478e+00,-2.935232e-01,9.976169e-02,-9.672080e+00,9.987514e-03,5.929555e-03,1.903548e-04,-6.342599e+00,9.937501e+01,-1.414967e+02,-1.280631e+00,-5.145776e-01,-7.823766e-01,6.223779e-01,2.308047e-02,-6.224046e-01,-7.826654e-01,6.885021e-03,2.234937e-02,-8.978711e-03,9.997100e-01,2.723818e-03,1.702046e-01,4.954184e-01,6.849900e-02,3.801768e-02,-9.676730e+00,
2.083301e-02,-5.283228e-02,2.467514e+00,-3.006195e-01,1.033072e-01,-9.671445e+00,1.017495e-02,6.555258e-03,-2.405253e-05,-6.342902e+00,9.936401e+01,-1.415091e+02,-1.304391e+00,-4.867344e-01,-7.825041e-01,6.222167e-01,2.310408e-02,-6.222292e-01,-7.827991e-01,7.518451e-03,2.276396e-02,-8.492814e-03,9.997049e-01,3.115222e-03,1.697717e-01,4.953140e-01,7.606566e-02,3.347120e-02,-9.676311e+00,
2.277279e-02,-6.249768e-02,2.467666e+00,-3.029554e-01,1.032006e-01,-9.681667e+00,1.054773e-02,7.411962e-03,-2.364428e-04,-6.343464e+00,9.936401e+01,-1.415227e+02,-1.323935e+00,-4.575518e-01,-7.826464e-01,6.220396e-01,2.305600e-02,-6.220378e-01,-7.829453e-01,8.123890e-03,2.310497e-02,-7.983570e-03,9.997013e-01,1.711806e-03,1.712714e-01,4.952619e-01,7.808121e-02,2.899648e-02,-9.686599e+00,
1.979390e-02,-5.708663e-02,2.467490e+00,-3.233026e-01,9.501041e-02,-9.697341e+00,1.078463e-02,7.115153e-03,8.134355e-05,-6.342250e+00,9.937100e+01,-1.415346e+02,-1.347458e+00,-4.273833e-01,-7.827671e-01,6.218877e-01,2.305160e-02,-6.218703e-01,-7.830710e-01,8.786760e-03,2.351541e-02,-7.457115e-03,9.996957e-01,2.813969e-03,1.711523e-01,4.950936e-01,8.861727e-02,4.144415e-02,-9.702701e+00,
2.179050e-02,-5.927033e-02,2.467624e+00,-3.359886e-01,8.002701e-02,-9.729439e+00,1.065256e-02,7.022782e-03,1.277486e-04,-6.340650e+00,9.935900e+01,-1.415462e+02,-1.372257e+00,-3.963826e-01,-7.828851e-01,6.217391e-01,2.305583e-02,-6.217054e-01,-7.831939e-01,9.474939e-03,2.394812e-02,-6.916143e-03,9.996893e-01,2.298331e-03,1.715833e-01,4.950120e-01,8.847612e-02,5.402337e-02,-9.735017e+00,
2.078354e-02,-5.924919e-02,2.467580e+00,-3.379700e-01,8.910761e-02,-9.729877e+00,1.086016e-02,7.459030e-03,-8.898930e-06,-6.339614e+00,9.937100e+01,-1.415585e+02,-1.393699e+00,-3.656326e-01,-7.830123e-01,6.215804e-01,2.301730e-02,-6.215307e-01,-7.833245e-01,1.012295e-02,2.432224e-02,-6.379563e-03,9.996839e-01,2.463878e-03,1.720206e-01,4.948870e-01,9.606677e-02,4.176354e-02,-9.735590e+00,
2.179794e-02,-5.820343e-02,2.467639e+00,-3.404308e-01,9.240901e-02,-9.734938e+00,1.102371e-02,8.677290e-03,1.910038e-04,-6.337783e+00,9.935900e+01,-1.415698e+02,-1.408688e+00,-3.350443e-01,-7.831294e-01,6.214375e-01,2.289239e-02,-6.213729e-01,-7.834421e-01,1.069923e-02,2.458376e-02,-5.845827e-03,9.996808e-01,2.405727e-03,1.720347e-01,4.948021e-01,1.011718e-01,3.498104e-02,-9.740740e+00,
2.079943e-02,-5.711261e-02,2.467591e+00,-3.385982e-01,7.387369e-02,-9.768317e+00,1.085403e-02,9.122240e-03,7.585115e-05,-6.336846e+00,9.937100e+01,-1.415865e+02,-1.421084e+00,-3.042607e-01,-7.833065e-01,6.212199e-01,2.273123e-02,-6.211408e-01,-7.836183e-01,1.124796e-02,2.480006e-02,-5.308692e-03,9.996784e-01,2.647094e-03,1.722644e-01,4.946920e-01,8.907215e-02,4.255472e-02,-9.773965e+00,
2.075885e-02,-6.245790e-02,2.467616e+00,-3.450349e-01,6.176311e-02,-9.795729e+00,1.129677e-02,8.599726e-03,1.550825e-04,-6.336480e+00,9.937100e+01,-1.415836e+02,-1.434251e+00,-2.696511e-01,-7.832704e-01,6.212729e-01,2.253537e-02,-6.211774e-01,-7.835804e-01,1.186519e-02,2.502979e-02,-4.704808e-03,9.996758e-01,1.919954e-03,1.733628e-01,4.945956e-01,8.787699e-02,4.970331e-02,-9.801478e+00,
2.083208e-02,-5.283600e-02,2.467559e+00,-3.296295e-01,6.160330e-02,-9.820213e+00,1.122713e-02,1.006485e-02,1.849028e-04,-6.337867e+00,9.937501e+01,-1.415746e+02,-1.436590e+00,-2.356840e-01,-7.831715e-01,6.214094e-01,2.219708e-02,-6.213000e-01,-7.834753e-01,1.235858e-02,2.507060e-02,-4.112157e-03,9.996772e-01,2.838501e-03,1.721771e-01,4.944935e-01,7.845728e-02,3.517027e-02,-9.825561e+00,
2.084869e-02,-5.069630e-02,2.467530e+00,-3.286085e-01,5.890777e-02,-9.860892e+00,1.151295e-02,1.028890e-02,4.957144e-05,-6.338017e+00,9.937100e+01,-1.415874e+02,-1.436446e+00,-2.000026e-01,-7.833112e-01,6.212472e-01,2.181100e-02,-6.211243e-01,-7.836071e-01,1.284003e-02,2.506808e-02,-3.489600e-03,9.996798e-01,2.929983e-03,1.720992e-01,4.944040e-01,7.892311e-02,3.133202e-02,-9.866178e+00,
1.978577e-02,-5.815559e-02,2.467493e+00,-3.225451e-01,3.883246e-02,-9.900282e+00,1.108986e-02,7.452220e-03,1.571978e-04,-6.340672e+00,9.936401e+01,-1.416016e+02,-1.451404e+00,-1.657173e-01,-7.834596e-01,6.210656e-01,2.164708e-02,-6.209263e-01,-7.837532e-01,1.346574e-02,2.532907e-02,-2.891380e-03,9.996750e-01,2.171766e-03,1.736354e-01,4.942878e-01,6.250639e-02,3.652711e-02,-9.905346e+00,
1.980225e-02,-5.601700e-02,2.467478e+00,-3.089800e-01,1.817026e-02,-9.946750e+00,1.102594e-02,1.147593e-02,6.042457e-04,-6.342380e+00,9.937100e+01,-1.416145e+02,-1.440244e+00,-1.302304e-01,-7.836033e-01,6.209027e-01,2.111292e-02,-6.207530e-01,-7.838843e-01,1.382546e-02,2.513435e-02,-2.272229e-03,9.996815e-01,2.190189e-03,1.734974e-01,4.942219e-01,4.339482e-02,4.003851e-02,-9.951389e+00,
2.188024e-02,-4.750935e-02,2.467535e+00,-3.008670e-01,2.906076e-02,-9.949656e+00,1.065446e-02,1.091885e-02,6.897214e-04,-6.343816e+00,9.935300e+01,-1.416383e+02,-1.431636e+00,-9.746164e-02,-7.838639e-01,6.205894e-01,2.064597e-02,-6.204299e-01,-7.841339e-01,1.417195e-02,2.498417e-02,-1.700495e-03,9.996865e-01,2.713802e-03,1.721733e-01,4.941790e-01,4.845326e-02,2.287330e-02,-9.954103e+00,
1.986707e-02,-4.746423e-02,2.467427e+00,-2.813111e-01,2.743140e-02,-9.970555e+00,1.059825e-02,1.009830e-02,7.821231e-04,-6.343785e+00,9.935900e+01,-1.416589e+02,-1.427293e+00,-6.512653e-02,-7.840885e-01,6.203191e-01,2.024155e-02,-6.201492e-01,-7.843488e-01,1.456017e-02,2.490839e-02,-1.136320e-03,9.996892e-01,2.873069e-03,1.725959e-01,4.940824e-01,3.576949e-02,7.766083e-03,-9.974495e+00,
2.183174e-02,-5.392273e-02,2.467556e+00,-2.732514e-01,1.078115e-02,-9.993037e+00,1.062591e-02,1.139383e-02,8.190958e-04,-6.344588e+00,9.936401e+01,-1.416784e+02,-1.414986e+00,-3.204007e-02,-7.843037e-01,6.200637e-01,1.971997e-02,-6.198856e-01,-7.845514e-01,1.487318e-02,2.469365e-02,-5.590343e-04,9.996950e-01,1.625515e-03,1.734780e-01,4.940627e-01,2.393471e-02,1.229800e-02,-9.996743e+00,
1.880423e-02,-5.492412e-02,2.467395e+00,-2.512010e-01,3.810232e-03,-1.002038e+01,1.017896e-02,1.175257e-02,6.476691e-04,-6.345057e+00,9.937501e+01,-1.416998e+02,-1.399619e+00,-1.056700e-03,-7.845401e-01,6.197814e-01,1.917997e-02,-6.195968e-01,-7.847745e-01,1.512403e-02,2.442554e-02,-1.843739e-05,9.997016e-01,1.748239e-03,1.741056e-01,4.939744e-01,7.248104e-03,1.104549e-03,-1.002353e+01,
1.981903e-02,-5.387698e-02,2.467438e+00,-2.280105e-01,4.347990e-03,-1.005494e+01,9.574909e-03,1.149599e-02,1.203850e-03,-6.345710e+00,9.937100e+01,-1.417216e+02,-1.384671e+00,2.649320e-02,-7.847806e-01,6.194922e-01,1.868309e-02,-6.193027e-01,-7.850028e-01,1.533262e-02,2.416471e-02,4.622587e-04,9.997080e-01,1.536448e-03,1.739385e-01,4.939505e-01,-6.225452e-03,-1.637420e-02,-1.005751e+01,
1.880426e-02,-5.492378e-02,2.467399e+00,-2.059746e-01,-6.598527e-03,-1.010255e+01,9.611911e-03,8.715461e-03,9.039495e-04,-6.345110e+00,9.935900e+01,-1.417522e+02,-1.384659e+00,5.486740e-02,-7.851114e-01,6.190818e-01,1.838453e-02,-6.188832e-01,-7.853261e-01,1.571142e-02,2.416450e-02,9.573372e-04,9.997076e-01,1.503713e-03,1.744026e-01,4.938712e-01,-2.810270e-02,-2.606922e-02,-1.010458e+01,
2.189651e-02,-4.537106e-02,2.467526e+00,-2.002362e-01,-1.423329e-02,-1.010936e+01,9.106378e-03,9.694385e-03,1.130275e-03,-6.344193e+00,9.935900e+01,-1.417822e+02,-1.379008e+00,8.051694e-02,-7.854377e-01,6.186777e-01,1.803835e-02,-6.184726e-01,-7.856436e-01,1.599248e-02,2.406591e-02,1.404878e-03,9.997093e-01,2.074249e-03,1.727724e-01,4.938615e-01,-3.388886e-02,-2.665086e-02,-1.011126e+01,
2.084965e-02,-5.069334e-02,2.467487e+00,-1.929337e-01,-1.952383e-02,-1.012054e+01,8.672002e-03,1.004182e-02,1.131663e-03,-6.344381e+00,9.937100e+01,-1.418107e+02,-1.370992e+00,1.038359e-01,-7.857480e-01,6.182940e-01,1.768472e-02,-6.180840e-01,-7.859449e-01,1.621691e-02,2.392603e-02,1.811758e-03,9.997122e-01,1.515117e-03,1.737960e-01,4.938081e-01,-3.945309e-02,-2.952991e-02,-1.012227e+01,
2.084927e-02,-5.069435e-02,2.467506e+00,-1.896140e-01,-3.157539e-02,-1.013221e+01,8.028594e-03,8.013054e-03,8.691726e-04,-6.343173e+00,9.937100e+01,-1.418383e+02,-1.374000e+00,1.240668e-01,-7.860444e-01,6.179218e-01,1.751562e-02,-6.177047e-01,-7.862365e-01,1.651844e-02,2.397853e-02,2.164751e-03,9.997101e-01,1.509997e-03,1.739485e-01,4.937579e-01,-4.793806e-02,-2.541721e-02,-1.013389e+01,
1.884419e-02,-4.958061e-02,2.467392e+00,-1.872811e-01,-3.034883e-02,-1.012932e+01,7.359096e-03,7.197789e-03,1.009801e-03,-6.342235e+00,9.935900e+01,-1.418643e+02,-1.381111e+00,1.405362e-01,-7.863214e-01,6.175712e-01,1.744316e-02,-6.173472e-01,-7.865111e-01,1.681321e-02,2.410260e-02,2.452104e-03,9.997064e-01,1.974080e-03,1.741651e-01,4.936754e-01,-4.816681e-02,-3.081931e-02,-1.013094e+01,
2.184759e-02,-5.178580e-02,2.467562e+00,-1.915127e-01,-2.778387e-02,-1.012099e+01,6.984125e-03,8.547476e-03,8.911265e-04,-6.342288e+00,9.935900e+01,-1.418849e+02,-1.380173e+00,1.549297e-01,-7.865443e-01,6.172922e-01,1.728127e-02,-6.170642e-01,-7.867294e-01,1.699447e-02,2.408623e-02,2.703247e-03,9.997063e-01,1.252330e-03,1.742352e-01,4.936877e-01,-4.142103e-02,-3.196676e-02,-1.012270e+01,
2.084946e-02,-5.069331e-02,2.467496e+00,-1.833930e-01,-3.026665e-02,-1.010176e+01,6.657643e-03,7.188716e-03,9.164439e-04,-6.343719e+00,9.935900e+01,-1.419000e+02,-1.385305e+00,1.682350e-01,-7.867048e-01,6.170894e-01,1.721291e-02,-6.168559e-01,-7.868877e-01,1.722791e-02,2.417578e-02,2.935393e-03,9.997035e-01,1.535858e-03,1.743062e-01,4.936299e-01,-4.828167e-02,-3.708862e-02,-1.010328e+01,
1.985111e-02,-4.960214e-02,2.467435e+00,-1.931760e-01,-2.991347e-02,-1.009124e+01,6.126121e-03,1.009767e-02,8.964515e-04,-6.343522e+00,9.937501e+01,-1.419210e+02,-1.373349e+00,1.785320e-01,-7.869346e-01,6.168038e-01,1.694415e-02,-6.165709e-01,-7.871108e-01,1.723440e-02,2.396717e-02,3.115072e-03,9.997079e-01,1.737617e-03,1.742659e-01,4.936126e-01,-3.742145e-02,-3.126459e-02,-1.009302e+01,
2.085695e-02,-4.962670e-02,2.467513e+00,-1.925944e-01,-3.391867e-02,-1.005932e+01,5.472647e-03,7.612028e-03,9.007320e-04,-6.341936e+00,9.935900e+01,-1.419458e+02,-1.373849e+00,1.861645e-01,-7.872016e-01,6.164648e-01,1.687638e-02,-6.162295e-01,-7.873758e-01,1.733732e-02,2.397590e-02,3.248245e-03,9.997073e-01,1.623771e-03,1.742067e-01,4.936129e-01,-3.906387e-02,-2.901250e-02,-1.006110e+01,
2.291865e-02,-4.325794e-02,2.467597e+00,-2.106956e-01,-2.509432e-02,-1.002202e+01,4.720795e-03,6.272437e-03,9.287616e-04,-6.341121e+00,9.937100e+01,-1.419739e+02,-1.383588e+00,1.874657e-01,-7.875004e-01,6.160796e-01,1.700473e-02,-6.158410e-01,-7.876772e-01,1.745161e-02,2.414582e-02,3.270934e-03,9.997032e-01,2.201630e-03,1.730830e-01,4.936204e-01,-1.995894e-02,-2.537909e-02,-1.002421e+01,
2.287831e-02,-4.860244e-02,2.467618e+00,-2.259292e-01,-1.789204e-02,-9.977958e+00,4.394779e-03,5.243709e-03,8.723318e-04,-6.340854e+00,9.938600e+01,-1.419913e+02,-1.402557e+00,1.846792e-01,-7.876809e-01,6.158406e-01,1.730076e-02,-6.155971e-01,-7.878643e-01,1.761194e-02,2.447679e-02,3.222289e-03,9.996953e-01,1.784205e-03,1.739617e-01,4.935915e-01,-5.684748e-03,-2.255329e-02,-9.980505e+00,
2.084867e-02,-5.069668e-02,2.467529e+00,-2.455998e-01,-2.235281e-02,-9.933145e+00,3.846329e-03,5.828965e-03,1.121661e-03,-6.340350e+00,9.938200e+01,-1.420099e+02,-1.420718e+00,1.790662e-01,-7.878745e-01,6.155837e-01,1.761651e-02,-6.153365e-01,-7.880653e-01,1.772416e-02,2.479367e-02,3.124329e-03,9.996876e-01,2.052223e-03,1.745649e-01,4.935430e-01,4.754394e-03,-7.314637e-03,-9.936200e+00,
2.084886e-02,-5.069565e-02,2.467520e+00,-2.584356e-01,-1.794625e-02,-9.886329e+00,3.444416e-03,4.971772e-03,1.086670e-03,-6.340255e+00,9.938600e+01,-1.420230e+02,-1.444630e+00,1.708302e-01,-7.880074e-01,6.154016e-01,1.803790e-02,-6.151494e-01,-7.882081e-01,1.786355e-02,2.521088e-02,2.980599e-03,9.996778e-01,2.298920e-03,1.746350e-01,4.935154e-01,1.427634e-02,-3.483012e-03,-9.889712e+00,
2.288653e-02,-4.753254e-02,2.467600e+00,-2.776135e-01,-6.297437e-03,-9.838581e+00,3.332380e-03,4.784143e-03,1.303940e-03,-6.341980e+00,9.937100e+01,-1.420319e+02,-1.469978e+00,1.616181e-01,-7.880936e-01,6.152776e-01,1.848826e-02,-6.150206e-01,-7.883055e-01,1.800610e-02,2.565314e-02,2.819837e-03,9.996669e-01,2.611929e-03,1.740013e-01,4.935154e-01,3.301254e-02,-1.452178e-03,-9.842443e+00,
1.982669e-02,-5.280906e-02,2.467446e+00,-2.851110e-01,-1.144959e-03,-9.812999e+00,2.863967e-03,4.272207e-03,1.198179e-03,-6.343807e+00,9.937501e+01,-1.420389e+02,-1.498177e+00,1.497865e-01,-7.881596e-01,6.151775e-01,1.900542e-02,-6.149154e-01,-7.883844e-01,1.814366e-02,2.614515e-02,2.613372e-03,9.996549e-01,2.730867e-03,1.752071e-01,4.934429e-01,3.750847e-02,-1.821861e-03,-9.817070e+00,
2.183192e-02,-5.392175e-02,2.467549e+00,-3.011573e-01,4.035037e-03,-9.773608e+00,2.678631e-03,4.049903e-03,1.381843e-03,-6.344307e+00,9.938200e+01,-1.420354e+02,-1.527980e+00,1.367119e-01,-7.881110e-01,6.152226e-01,1.955464e-02,-6.149555e-01,-7.883499e-01,1.828480e-02,2.666512e-02,2.385221e-03,9.996416e-01,2.566650e-03,1.752097e-01,4.934457e-01,4.870850e-02,3.308848e-03,-9.778126e+00,
2.284609e-02,-5.287631e-02,2.467613e+00,-3.105921e-01,4.442421e-03,-9.725505e+00,1.997597e-03,4.965360e-03,1.469038e-03,-6.345239e+00,9.938600e+01,-1.420312e+02,-1.552544e+00,1.197937e-01,-7.880567e-01,6.152753e-01,2.007284e-02,-6.150061e-01,-7.883095e-01,1.831714e-02,2.709369e-02,2.090025e-03,9.996307e-01,2.782455e-03,1.749528e-01,4.934566e-01,5.227904e-02,9.370670e-03,-9.730319e+00,
2.289457e-02,-4.646321e-02,2.467588e+00,-3.261159e-01,7.526313e-03,-9.675940e+00,1.787367e-03,5.689963e-03,1.652017e-03,-6.343800e+00,9.938600e+01,-1.420221e+02,-1.573055e+00,1.016403e-01,-7.879515e-01,6.153944e-01,2.054699e-02,-6.151251e-01,-7.882173e-01,1.829079e-02,2.745154e-02,1.773288e-03,9.996215e-01,3.727457e-03,1.739812e-01,4.934580e-01,6.278376e-02,1.768917e-02,-9.681216e+00,
2.386054e-02,-5.183126e-02,2.467676e+00,-3.485975e-01,1.508729e-02,-9.631065e+00,1.678072e-03,6.244565e-03,1.789066e-03,-6.343085e+00,9.937100e+01,-1.420142e+02,-1.590882e+00,8.254340e-02,-7.878593e-01,6.154976e-01,2.099472e-02,-6.152295e-01,-7.881376e-01,1.822238e-02,2.776256e-02,1.440099e-03,9.996136e-01,3.161999e-03,1.746316e-01,4.934890e-01,8.173041e-02,2.707566e-02,-9.637000e+00,
2.385201e-02,-5.290087e-02,2.467696e+00,-3.794924e-01,2.504004e-02,-9.570293e+00,1.391768e-03,6.092204e-03,2.143073e-03,-6.341453e+00,9.937100e+01,-1.420042e+02,-1.609785e+00,6.164540e-02,-7.877446e-01,6.156275e-01,2.147599e-02,-6.153611e-01,-7.880366e-01,1.814164e-02,2.809236e-02,1.075490e-03,9.996048e-01,3.249750e-03,1.747503e-01,4.935055e-01,1.088269e-01,4.017159e-02,-9.577145e+00,
