MagX, MagY, MagZ, AccX, AccY, AccZ, GyroX, GyroY, GyroZ, Temp, Pres, Yaw, Pitch, Roll, DCM1, DCM2, DCM3, DCM4, DCM5, DCM6, DCM7, DCM8, DCM9, MagNED1, MagNED2, MagNED3, AccNED1, AccNED2, ACCNED3, 
6.027926e-02,-2.931812e-01,2.470803e+00,-2.936614e-01,4.456946e-01,-8.522732e+00,2.096875e-02,1.242943e-02,3.220870e-03,-6.357881e+00,9.933701e+01,-2.561768e+01,-1.431378e+00,-1.786132e+00,9.014179e-01,4.328560e-01,-9.036915e-03,-4.322291e-01,9.009245e-01,3.889998e-02,2.497966e-02,-3.115911e-02,9.992024e-01,-1.598011e-01,-9.653502e-02,5.021958e-01,5.229138e-03,1.969321e-01,-8.537157e+00,
5.929725e-02,-2.899521e-01,2.470734e+00,-2.768943e-01,4.228946e-01,-8.528681e+00,2.307238e-02,1.264703e-02,3.624944e-03,-6.359224e+00,9.932600e+01,-2.553965e+01,-1.413036e+00,-1.684179e+00,9.020128e-01,4.316033e-01,-9.569273e-03,-4.310045e-01,9.015850e-01,3.714548e-02,2.465963e-02,-2.938130e-02,9.992641e-01,-1.598096e-01,-9.700808e-02,5.019146e-01,1.437379e-02,1.838161e-01,-8.541658e+00,
6.029561e-02,-2.910456e-01,2.470807e+00,-2.592985e-01,3.878438e-01,-8.563850e+00,2.454186e-02,1.410378e-02,3.331631e-03,-6.357651e+00,9.933701e+01,-2.548545e+01,-1.386224e+00,-1.573568e+00,9.024305e-01,4.307192e-01,-1.001383e-02,-4.301559e-01,9.020684e-01,3.519381e-02,2.419181e-02,-2.745246e-02,9.993304e-01,-1.598371e-01,-9.840783e-02,5.016835e-01,1.880983e-02,1.600059e-01,-8.575036e+00,
5.829074e-02,-2.899292e-01,2.470674e+00,-2.373202e-01,3.544071e-01,-8.599185e+00,2.638136e-02,1.412007e-02,3.106002e-03,-6.359127e+00,9.933701e+01,-2.542126e+01,-1.359064e+00,-1.452332e+00,9.029221e-01,4.296753e-01,-1.053461e-02,-4.291495e-01,9.026280e-01,3.306935e-02,2.371792e-02,-2.533813e-02,9.993976e-01,-1.602124e-01,-9.930468e-02,5.013579e-01,2.858742e-02,1.373741e-01,-8.608614e+00,
5.729255e-02,-2.888381e-01,2.470617e+00,-2.227732e-01,3.266823e-01,-8.638852e+00,2.824288e-02,1.513029e-02,2.881075e-03,-6.359392e+00,9.933301e+01,-2.538141e+01,-1.326349e+00,-1.320800e+00,9.032324e-01,4.290102e-01,-1.102692e-02,-4.285273e-01,9.030057e-01,3.074451e-02,2.314709e-02,-2.304410e-02,9.994665e-01,-1.604539e-01,-1.003212e-01,5.010315e-01,3.419401e-02,1.248630e-01,-8.646928e+00,
5.631858e-02,-2.845396e-01,2.470539e+00,-2.002406e-01,2.876559e-01,-8.696770e+00,2.949595e-02,1.384160e-02,3.123516e-03,-6.359186e+00,9.933701e+01,-2.534303e+01,-1.300560e+00,-1.182082e+00,9.035285e-01,4.283689e-01,-1.167811e-02,-4.279265e-01,9.033685e-01,2.835751e-02,2.269712e-02,-2.062445e-02,9.995296e-01,-1.605152e-01,-1.008213e-01,5.006543e-01,4.386166e-02,9.892881e-02,-8.703156e+00,
5.937031e-02,-2.803333e-01,2.470697e+00,-1.948840e-01,2.444317e-01,-8.770392e+00,3.046335e-02,1.464695e-02,2.945950e-03,-6.358692e+00,9.933701e+01,-2.531295e+01,-1.269792e+00,-1.037348e+00,9.037640e-01,4.278549e-01,-1.228860e-02,-4.274573e-01,9.036663e-01,2.583923e-02,2.216024e-02,-1.809971e-02,9.995906e-01,-1.598971e-01,-1.017019e-01,5.003320e-01,3.622801e-02,7.756910e-02,-8.775545e+00,
5.738213e-02,-2.770795e-01,2.470559e+00,-1.765877e-01,2.021058e-01,-8.842680e+00,3.167458e-02,1.431448e-02,2.602638e-03,-6.358971e+00,9.933301e+01,-2.529501e+01,-1.239542e+00,-8.843908e-01,9.039083e-01,4.275301e-01,-1.296094e-02,-4.271792e-01,9.038695e-01,2.319699e-02,2.163241e-02,-1.543131e-02,9.996470e-01,-1.602669e-01,-1.023687e-01,4.999121e-01,4.139669e-02,5.298829e-02,-8.846498e+00,
5.537741e-02,-2.759635e-01,2.470430e+00,-1.628566e-01,1.593057e-01,-8.941204e+00,3.223724e-02,1.516317e-02,2.975424e-03,-6.360216e+00,9.933701e+01,-2.527662e+01,-1.203945e+00,-7.276937e-01,9.040573e-01,4.271958e-01,-1.357516e-02,-4.268947e-01,9.040701e-01,2.045520e-02,2.101127e-02,-1.269751e-02,9.996987e-01,-1.607816e-01,-1.034474e-01,4.994979e-01,4.220124e-02,3.065203e-02,-8.943954e+00,
5.644076e-02,-2.685040e-01,2.470454e+00,-1.360738e-01,1.199089e-01,-9.045943e+00,3.269637e-02,1.617759e-02,2.716511e-03,-6.360674e+00,9.933701e+01,-2.526451e+01,-1.161529e+00,-5.676664e-01,9.041613e-01,4.269586e-01,-1.410273e-02,-4.267102e-01,9.042170e-01,1.761105e-02,2.027112e-02,-9.905452e-03,9.997455e-01,-1.602348e-01,-1.037260e-01,4.991124e-01,5.573598e-02,7.179171e-03,-9.047587e+00,
5.440326e-02,-2.716660e-01,2.470358e+00,-1.152147e-01,8.032002e-02,-9.150195e+00,3.278370e-02,1.577692e-02,2.947484e-03,-6.360228e+00,9.933701e+01,-2.525663e+01,-1.121311e+00,-4.069919e-01,9.042327e-01,4.267883e-01,-1.466738e-02,-4.265917e-01,9.043238e-01,1.477375e-02,1.956932e-02,-7.101930e-03,9.997833e-01,-1.610948e-01,-1.055462e-01,4.987049e-01,6.430811e-02,-1.339778e-02,-9.151037e+00,
5.544218e-02,-2.674130e-01,2.470394e+00,-1.040643e-01,3.524965e-02,-9.250494e+00,3.271317e-02,1.703448e-02,2.697203e-03,-6.359907e+00,9.933301e+01,-2.525408e+01,-1.073717e+00,-2.461979e-01,9.042659e-01,4.267021e-01,-1.511446e-02,-4.265583e-01,9.043821e-01,1.188079e-02,1.873881e-02,-4.296197e-03,9.998152e-01,-1.607887e-01,-1.063636e-01,4.983327e-01,6.075554e-02,-3.363457e-02,-9.250886e+00,
5.548279e-02,-2.620685e-01,2.470370e+00,-8.352842e-02,-4.984220e-03,-9.359293e+00,3.254231e-02,1.748285e-02,2.792078e-03,-6.359758e+00,9.934801e+01,-2.525435e+01,-1.023744e+00,-8.629977e-02,9.042784e-01,4.266612e-01,-1.551648e-02,-4.265693e-01,9.044102e-01,8.984873e-03,1.786676e-02,-1.505974e-03,9.998392e-01,-1.605480e-01,-1.069077e-01,4.979520e-01,6.756375e-02,-5.296918e-02,-9.359273e+00,
5.553151e-02,-2.556551e-01,2.470339e+00,-6.533646e-02,-4.040686e-02,-9.480571e+00,3.187348e-02,1.553676e-02,2.443474e-03,-6.359984e+00,9.932600e+01,-2.525874e+01,-9.853866e-01,6.966582e-02,9.042565e-01,4.266875e-01,-1.607197e-02,-4.266436e-01,9.043984e-01,6.238591e-03,1.719739e-02,1.215718e-03,9.998515e-01,-1.603047e-01,-1.071836e-01,4.975631e-01,7.604945e-02,-6.781392e-02,-9.480335e+00,
5.347797e-02,-2.609541e-01,2.470248e+00,-4.338835e-02,-7.613052e-02,-9.592820e+00,3.110290e-02,1.492917e-02,2.355732e-03,-6.359965e+00,9.933701e+01,-2.526825e+01,-9.507234e-01,2.210785e-01,9.041948e-01,4.267957e-01,-1.665184e-02,-4.267980e-01,9.043398e-01,3.593214e-03,1.659249e-02,3.858008e-03,9.998549e-01,-1.613808e-01,-1.092175e-01,4.971569e-01,8.801445e-02,-8.479885e-02,-9.592443e+00,
5.652171e-02,-2.578176e-01,2.470417e+00,-2.130884e-02,-1.057319e-01,-9.703829e+00,3.024496e-02,1.566523e-02,2.408651e-03,-6.358833e+00,9.933701e+01,-2.527868e+01,-9.119079e-01,3.674924e-01,9.041270e-01,4.269204e-01,-1.712970e-02,-4.269674e-01,9.042665e-01,9.962367e-04,1.591512e-02,6.413097e-03,9.998528e-01,-1.608651e-01,-1.101978e-01,4.968387e-01,1.018186e-01,-9.617894e-02,-9.703419e+00,
5.454123e-02,-2.534964e-01,2.470281e+00,-9.588152e-03,-1.472245e-01,-9.822886e+00,2.890468e-02,1.382180e-02,2.516246e-03,-6.358202e+00,9.934801e+01,-2.529360e+01,-8.835902e-01,5.062844e-01,9.040228e-01,4.271170e-01,-1.771734e-02,-4.272061e-01,9.041532e-01,-1.400639e-03,1.542095e-02,8.835163e-03,9.998420e-01,-1.611707e-01,-1.104605e-01,4.964541e-01,1.024854e-01,-1.152590e-01,-9.822783e+00,
5.454928e-02,-2.524286e-01,2.470284e+00,7.582437e-03,-1.717780e-01,-9.933849e+00,2.772781e-02,1.391141e-02,2.293943e-03,-6.358410e+00,9.934400e+01,-2.531149e+01,-8.546158e-01,6.384193e-01,9.038965e-01,4.273624e-01,-1.824632e-02,-4.274916e-01,9.040120e-01,-3.696116e-03,1.491531e-02,1.114105e-02,9.998268e-01,-1.613766e-01,-1.113768e-01,4.961162e-01,1.146985e-01,-1.218141e-01,-9.933929e+00,
5.454920e-02,-2.524300e-01,2.470293e+00,1.816444e-02,-2.054289e-01,-1.004412e+01,2.602751e-02,1.354644e-02,1.932257e-03,-6.357866e+00,9.934400e+01,-2.533565e+01,-8.276256e-01,7.608938e-01,9.037222e-01,4.277092e-01,-1.873649e-02,-4.278756e-01,9.038188e-01,-5.821962e-03,1.444429e-02,1.327833e-02,9.998075e-01,-1.616626e-01,-1.123720e-01,4.958003e-01,1.167435e-01,-1.349661e-01,-1.004465e+01,
5.559623e-02,-2.471099e-01,2.470336e+00,2.836902e-02,-2.308181e-01,-1.016135e+01,2.421849e-02,1.156895e-02,1.883649e-03,-6.356143e+00,9.934801e+01,-2.536259e+01,-8.119255e-01,8.730561e-01,9.035246e-01,4.281005e-01,-1.932976e-02,-4.283023e-01,9.036029e-01,-7.699414e-03,1.417030e-02,1.523559e-02,9.997836e-01,-1.613990e-01,-1.124157e-01,4.955181e-01,1.232352e-01,-1.424819e-01,-1.016227e+01,
5.661110e-02,-2.460599e-01,2.470364e+00,4.489658e-02,-2.541786e-01,-1.026234e+01,2.240307e-02,1.225461e-02,1.690138e-03,-6.357130e+00,9.933701e+01,-2.540216e+01,-7.921953e-01,9.748819e-01,9.032328e-01,4.286946e-01,-1.978598e-02,-4.289282e-01,9.032893e-01,-9.439084e-03,1.382598e-02,1.701245e-02,9.997597e-01,-1.614403e-01,-1.130801e-01,4.952588e-01,1.346375e-01,-1.519872e-01,-1.026358e+01,
5.261771e-02,-2.416932e-01,2.470113e+00,4.277845e-02,-2.732439e-01,-1.035063e+01,2.025436e-02,1.346647e-02,1.713650e-03,-6.359396e+00,9.933301e+01,-2.543784e+01,-7.655758e-01,1.064353e+00,9.029712e-01,4.292335e-01,-2.004269e-02,-4.294934e-01,9.030026e-01,-1.103638e-02,1.336142e-02,1.857373e-02,9.997382e-01,-1.619574e-01,-1.127152e-01,4.949937e-01,1.287967e-01,-1.508795e-01,-1.035242e+01,
5.567784e-02,-2.364141e-01,2.470244e+00,3.494128e-02,-2.964139e-01,-1.045912e+01,1.800720e-02,1.031788e-02,1.275010e-03,-6.360395e+00,9.934400e+01,-2.549247e+01,-7.570294e-01,1.140956e+00,9.025631e-01,4.300697e-01,-2.049361e-02,-4.303549e-01,9.025762e-01,-1.228818e-02,1.321227e-02,1.991038e-02,9.997146e-01,-1.613349e-01,-1.125445e-01,4.948309e-01,1.184031e-01,-1.540498e-01,-1.046157e+01,
5.661916e-02,-2.449908e-01,2.470357e+00,3.833499e-02,-3.157721e-01,-1.053232e+01,1.585066e-02,1.102242e-02,1.087492e-03,-6.359091e+00,9.934801e+01,-2.555284e+01,-7.443542e-01,1.205242e+00,9.021117e-01,4.310014e-01,-2.079062e-02,-4.313070e-01,9.021061e-01,-1.337414e-02,1.299107e-02,2.103211e-02,9.996943e-01,-1.621284e-01,-1.144566e-01,4.946498e-01,1.174576e-01,-1.605334e-01,-1.053524e+01,
5.461444e-02,-2.438769e-01,2.470241e+00,3.263951e-02,-3.316678e-01,-1.062216e+01,1.344131e-02,9.688995e-03,7.319962e-04,-6.358745e+00,9.934801e+01,-2.562075e+01,-7.392166e-01,1.255794e+00,9.016010e-01,4.320536e-01,-2.110684e-02,-4.323764e-01,9.015817e-01,-1.418373e-02,1.290141e-02,2.191416e-02,9.996767e-01,-1.626603e-01,-1.143266e-01,4.944834e-01,1.103297e-01,-1.624763e-01,-1.062557e+01,
5.562059e-02,-2.438998e-01,2.470297e+00,3.854239e-02,-3.383448e-01,-1.067701e+01,1.084813e-02,1.032294e-02,6.576430e-04,-6.358237e+00,9.933701e+01,-2.568951e+01,-7.302802e-01,1.291552e+00,9.010832e-01,4.331252e-01,-2.125365e-02,-4.334590e-01,9.010520e-01,-1.478832e-02,1.274545e-02,2.253809e-02,9.996648e-01,-1.626923e-01,-1.145301e-01,4.944032e-01,1.151096e-01,-1.636778e-01,-1.068056e+01,
5.563711e-02,-2.417616e-01,2.470287e+00,1.884553e-02,-3.427723e-01,-1.074884e+01,8.258095e-03,8.223733e-03,3.728466e-04,-6.358045e+00,9.933701e+01,-2.576043e+01,-7.332435e-01,1.312563e+00,9.005455e-01,4.342312e-01,-2.147774e-02,-4.345737e-01,9.005104e-01,-1.506977e-02,1.279717e-02,2.290467e-02,9.996558e-01,-1.627578e-01,-1.141208e-01,4.943417e-01,9.898975e-02,-1.548772e-01,-1.075276e+01,
5.663529e-02,-2.428506e-01,2.470332e+00,5.285642e-03,-3.530634e-01,-1.079562e+01,5.655109e-03,8.974256e-03,2.298775e-04,-6.359779e+00,9.933301e+01,-2.583731e+01,-7.317883e-01,1.318792e+00,8.999618e-01,4.354374e-01,-2.152244e-02,-4.357818e-01,8.999250e-01,-1.514984e-02,1.277177e-02,2.301337e-02,9.996537e-01,-1.628431e-01,-1.142226e-01,4.943315e-01,8.336794e-02,-1.564820e-01,-1.079994e+01,
5.662730e-02,-2.439204e-01,2.470342e+00,-1.176905e-02,-3.541560e-01,-1.082668e+01,3.109913e-03,8.243565e-03,-8.447008e-06,-6.360125e+00,9.933701e+01,-2.590587e+01,-7.344316e-01,1.310576e+00,8.994392e-01,4.365159e-01,-2.151943e-02,-4.368580e-01,8.994058e-01,-1.497495e-02,1.281790e-02,2.286999e-02,9.996563e-01,-1.630586e-01,-1.141340e-01,4.943491e-01,6.780384e-02,-1.512595e-01,-1.083121e+01,
5.664363e-02,-2.417811e-01,2.470324e+00,-3.546842e-02,-3.527811e-01,-1.085439e+01,5.181697e-04,7.259981e-03,-8.048933e-05,-6.360248e+00,9.934400e+01,-2.598521e+01,-7.427236e-01,1.287549e+00,8.988317e-01,4.377667e-01,-2.149426e-02,-4.381023e-01,8.988079e-01,-1.452052e-02,1.296261e-02,2.246819e-02,9.996636e-01,-1.630154e-01,-1.133369e-01,4.944106e-01,4.699101e-02,-1.439323e-01,-1.085912e+01,
5.662736e-02,-2.439173e-01,2.470321e+00,-5.383741e-02,-3.529072e-01,-1.087848e+01,-2.033037e-03,5.465870e-03,-6.262416e-04,-6.362129e+00,9.934801e+01,-2.606306e+01,-7.611684e-01,1.250077e+00,8.982317e-01,4.389953e-01,-2.151596e-02,-4.393214e-01,8.982246e-01,-1.376246e-02,1.328450e-02,2.181430e-02,9.996738e-01,-1.633503e-01,-1.131130e-01,4.944834e-01,3.077796e-02,-1.436232e-01,-1.088335e+01,
5.761737e-02,-2.460785e-01,2.470394e+00,-8.459982e-02,-3.422136e-01,-1.087700e+01,-4.473960e-03,5.570933e-03,-5.013057e-04,-6.361459e+00,9.934801e+01,-2.614030e+01,-7.790555e-01,1.198733e+00,8.976351e-01,4.402190e-01,-2.142018e-02,-4.405301e-01,8.976469e-01,-1.279157e-02,1.359667e-02,2.091839e-02,9.996889e-01,-1.634595e-01,-1.128720e-01,4.946159e-01,6.398529e-03,-1.307844e-01,-1.088192e+01,
5.662707e-02,-2.439191e-01,2.470333e+00,-1.091450e-01,-3.322473e-01,-1.087307e+01,-6.726000e-03,6.513656e-03,-4.766556e-04,-6.360686e+00,9.934400e+01,-2.621739e+01,-7.915475e-01,1.134702e+00,8.970388e-01,4.414462e-01,-2.113958e-02,-4.417362e-01,8.970693e-01,-1.166392e-02,1.381467e-02,1.980110e-02,9.997086e-01,-1.634530e-01,-1.116591e-01,4.947821e-01,-1.472460e-02,-1.230130e-01,-1.087798e+01,
5.763366e-02,-2.439429e-01,2.470395e+00,-1.469162e-01,-3.155248e-01,-1.085310e+01,-9.154029e-03,6.304292e-03,-8.378227e-04,-6.359966e+00,9.934400e+01,-2.628689e+01,-8.057605e-01,1.056916e+00,8.964992e-01,4.425581e-01,-2.077525e-02,-4.428222e-01,8.965502e-01,-1.031128e-02,1.406271e-02,1.844379e-02,9.997310e-01,-1.632354e-01,-1.108890e-01,4.950058e-01,-4.587239e-02,-1.059167e-01,-1.085807e+01,
5.960589e-02,-2.493319e-01,2.470534e+00,-1.743070e-01,-2.967242e-01,-1.082778e+01,-1.090505e-02,5.961025e-03,-9.071151e-04,-6.359652e+00,9.933701e+01,-2.634490e+01,-8.225649e-01,9.693250e-01,8.960466e-01,4.434925e-01,-2.037047e-02,-4.437279e-01,8.961185e-01,-8.790189e-03,1.435597e-02,1.691536e-02,9.997539e-01,-1.632619e-01,-1.110505e-01,4.952534e-01,-6.721504e-02,-9.337688e-02,-1.083264e+01,
5.859156e-02,-2.503776e-01,2.470478e+00,-2.070177e-01,-2.793408e-01,-1.078421e+01,-1.299304e-02,5.648055e-03,-7.701092e-04,-6.360040e+00,9.934400e+01,-2.640083e+01,-8.423477e-01,8.700909e-01,8.956086e-01,4.443969e-01,-1.991858e-02,-4.446001e-01,8.957013e-01,-7.065504e-03,1.470121e-02,1.518373e-02,9.997767e-01,-1.634029e-01,-1.101338e-01,4.955007e-01,-9.473880e-02,-8.196996e-02,-1.078909e+01,
5.957357e-02,-2.536052e-01,2.470537e+00,-2.377008e-01,-2.587999e-01,-1.073198e+01,-1.479448e-02,5.106836e-03,-9.683272e-04,-6.361323e+00,9.934801e+01,-2.644739e+01,-8.669731e-01,7.605914e-01,8.952413e-01,4.451568e-01,-1.945833e-02,-4.453249e-01,8.953543e-01,-5.146814e-03,1.513096e-02,1.327292e-02,9.997975e-01,-1.633694e-01,-1.096792e-01,4.957910e-01,-1.191796e-01,-7.062797e-02,-1.073684e+01,
5.557236e-02,-2.503085e-01,2.470300e+00,-2.730820e-01,-2.294070e-01,-1.066922e+01,-1.655949e-02,7.589814e-03,-7.940247e-04,-6.361648e+00,9.934400e+01,-2.648133e+01,-8.801914e-01,6.398899e-01,8.949741e-01,4.457249e-01,-1.872889e-02,-4.458536e-01,8.951004e-01,-3.146788e-03,1.536164e-02,1.116664e-02,9.998196e-01,-1.634708e-01,-1.077004e-01,4.960783e-01,-1.468311e-01,-5.001389e-02,-1.067405e+01,
5.854278e-02,-2.567909e-01,2.470507e+00,-3.032357e-01,-2.025492e-01,-1.060125e+01,-1.813096e-02,6.000597e-03,-7.875687e-04,-6.360894e+00,9.934400e+01,-2.650621e+01,-9.038005e-01,5.089186e-01,8.947747e-01,4.461520e-01,-1.807913e-02,-4.462394e-01,8.949133e-01,-9.091292e-04,1.577364e-02,8.881086e-03,9.998363e-01,-1.632429e-01,-1.078578e-01,4.964604e-01,-1.700339e-01,-3.631039e-02,-1.060610e+01,
5.851824e-02,-2.599953e-01,2.470505e+00,-3.389330e-01,-1.794454e-01,-1.053618e+01,-1.934609e-02,6.306674e-03,-1.376726e-04,-6.361633e+00,9.935500e+01,-2.652406e+01,-9.268159e-01,3.702527e-01,8.946299e-01,4.464707e-01,-1.735828e-02,-4.465151e-01,8.947750e-01,1.441373e-03,1.617528e-02,6.461238e-03,9.998483e-01,-1.631956e-01,-1.071734e-01,4.968251e-01,-2.004467e-01,-2.441110e-02,-1.054122e+01,
5.548311e-02,-2.620635e-01,2.470336e+00,-3.778489e-01,-1.481109e-01,-1.045794e+01,-2.016239e-02,5.303835e-03,-2.975828e-04,-6.363577e+00,9.935900e+01,-2.653769e+01,-9.563296e-01,2.262775e-01,8.945160e-01,4.467241e-01,-1.669621e-02,-4.467243e-01,8.946631e-01,3.923772e-03,1.669033e-02,3.948727e-03,9.998529e-01,-1.635805e-01,-1.059894e-01,4.971540e-01,-2.295485e-01,-4.749682e-03,-1.046330e+01,
5.945970e-02,-2.685690e-01,2.470603e+00,-3.988615e-01,-1.140890e-01,-1.036101e+01,-2.113215e-02,7.450163e-03,1.820389e-04,-6.362861e+00,9.934400e+01,-2.654344e+01,-9.720268e-01,7.686783e-02,8.944672e-01,4.468556e-01,-1.577566e-02,-4.468120e-01,8.946053e-01,6.380729e-03,1.696425e-02,1.341404e-03,9.998554e-01,-1.630167e-01,-1.061733e-01,4.976243e-01,-2.442980e-01,1.004069e-02,-1.036644e+01,
5.944344e-02,-2.707098e-01,2.470633e+00,-4.258215e-01,-8.375839e-02,-1.027802e+01,-2.168648e-02,8.117924e-03,4.943300e-04,-6.361179e+00,9.934400e+01,-2.654506e+01,-9.842350e-01,-7.591219e-02,8.944513e-01,4.469216e-01,-1.477440e-02,-4.468357e-01,8.945723e-01,8.861803e-03,1.717730e-02,-1.324722e-03,9.998518e-01,-1.627090e-01,-1.052853e-01,4.980552e-01,-2.664585e-01,2.426255e-02,-1.028370e+01,
5.743054e-02,-2.706645e-01,2.470518e+00,-4.487512e-01,-5.387330e-02,-1.018630e+01,-2.212194e-02,6.379902e-03,9.418780e-04,-6.359830e+00,9.935500e+01,-2.654265e+01,-1.007053e+00,-2.314412e-01,8.944638e-01,4.469238e-01,-1.391787e-02,-4.467949e-01,8.945630e-01,1.146744e-02,1.757548e-02,-4.038777e-03,9.998375e-01,-1.626172e-01,-1.038094e-01,4.984386e-01,-2.836975e-01,3.549594e-02,-1.019231e+01,
5.840464e-02,-2.749615e-01,2.470589e+00,-4.648322e-01,-1.113306e-02,-1.008382e+01,-2.231008e-02,7.298814e-03,1.647991e-03,-6.361135e+00,9.934400e+01,-2.653235e+01,-1.024412e+00,-3.883161e-01,8.945394e-01,4.468012e-01,-1.296767e-02,-4.466317e-01,8.946077e-01,1.404972e-02,1.787841e-02,-6.776260e-03,9.998173e-01,-1.623264e-01,-1.033467e-01,4.988820e-01,-2.900214e-01,5.597416e-02,-1.009021e+01,
5.747132e-02,-2.653192e-01,2.470488e+00,-4.791832e-01,2.391137e-02,-9.974376e+00,-2.205545e-02,6.843207e-03,2.163044e-03,-6.361087e+00,9.935500e+01,-2.651657e+01,-1.044045e+00,-5.439817e-01,8.946568e-01,4.465913e-01,-1.206481e-02,-4.463825e-01,8.946878e-01,1.662992e-02,1.822102e-02,-9.492554e-03,9.997890e-01,-1.611976e-01,-1.003934e-01,4.992549e-01,-2.976869e-01,6.941907e-02,-9.981229e+00,
5.737387e-02,-2.781456e-01,2.470548e+00,-4.896236e-01,5.481372e-02,-9.884120e+00,-2.203314e-02,7.985668e-03,2.638553e-03,-6.360882e+00,9.934801e+01,-2.649356e+01,-1.055830e+00,-6.993244e-01,8.948326e-01,4.462653e-01,-1.104564e-02,-4.460215e-01,8.948176e-01,1.914294e-02,1.842666e-02,-1.220314e-02,9.997558e-01,-1.617433e-01,-1.013428e-01,4.997116e-01,-3.044933e-01,7.821977e-02,-9.891397e+00,
5.834787e-02,-2.824480e-01,2.470649e+00,-4.902467e-01,9.203426e-02,-9.791896e+00,-2.128012e-02,7.494853e-03,3.435358e-03,-6.359590e+00,9.934801e+01,-2.646839e+01,-1.068973e+00,-8.500679e-01,8.950247e-01,4.459028e-01,-1.008622e-02,-4.456265e-01,8.949586e-01,2.159499e-02,1.865601e-02,-1.483336e-02,9.997160e-01,-1.614172e-01,-1.009831e-01,5.001497e-01,-2.989814e-01,8.937791e-02,-9.799626e+00,
5.834759e-02,-2.824485e-01,2.470650e+00,-4.924694e-01,1.336526e-01,-9.681702e+00,-2.043855e-02,7.600767e-03,3.897083e-03,-6.358132e+00,9.934801e+01,-2.643280e+01,-1.080858e+00,-9.959125e-01,8.952976e-01,4.453743e-01,-9.151673e-03,-4.450687e-01,8.951758e-01,2.395975e-02,1.886341e-02,-1.737798e-02,9.996710e-01,-1.608854e-01,-9.988916e-02,5.005408e-01,-2.927774e-01,1.068542e-01,-9.690128e+00,
5.831516e-02,-2.867206e-01,2.470649e+00,-4.902314e-01,1.680029e-01,-9.579108e+00,-1.976033e-02,7.193885e-03,4.593635e-03,-6.359511e+00,9.934801e+01,-2.639066e+01,-1.094823e+00,-1.137917e+00,8.956208e-01,4.447415e-01,-8.285310e-03,-4.444081e-01,8.954390e-01,2.628069e-02,1.910710e-02,-1.985547e-02,9.996204e-01,-1.607372e-01,-9.955095e-02,5.009299e-01,-2.849777e-01,1.165535e-01,-9.588175e+00,
5.830727e-02,-2.877909e-01,2.470663e+00,-4.850014e-01,2.063713e-01,-9.491816e+00,-1.827486e-02,8.621664e-03,5.217068e-03,-6.359803e+00,9.934400e+01,-2.634028e+01,-1.100575e+00,-1.271591e+00,8.960093e-01,4.439741e-01,-7.362556e-03,-4.436195e-01,8.957648e-01,2.840787e-02,1.920748e-02,-2.218754e-02,9.995693e-01,-1.602712e-01,-9.879477e-02,5.013000e-01,-2.730582e-01,1.303740e-01,-9.501621e+00,
5.828267e-02,-2.909982e-01,2.470680e+00,-4.886183e-01,2.401042e-01,-9.378230e+00,-1.704828e-02,8.272804e-03,5.788890e-03,-6.359108e+00,9.934400e+01,-2.628265e+01,-1.108422e+00,-1.398455e+00,8.964528e-01,4.430912e-01,-6.532801e-03,-4.427169e-01,8.961445e-01,3.044538e-02,1.934441e-02,-2.440066e-02,9.995152e-01,-1.600174e-01,-9.846176e-02,5.016567e-01,-2.703691e-01,1.459639e-01,-9.388993e+00,
5.926487e-02,-2.942266e-01,2.470746e+00,-4.689732e-01,2.798416e-01,-9.266028e+00,-1.571425e-02,6.538521e-03,6.754328e-03,-6.359674e+00,9.934801e+01,-2.621564e+01,-1.125987e+00,-1.517948e+00,8.969646e-01,4.420628e-01,-5.921371e-03,-4.416655e-01,8.965930e-01,3.244303e-02,1.965091e-02,-2.648498e-02,9.994561e-01,-1.596847e-01,-9.826127e-02,5.019888e-01,-2.420772e-01,1.574153e-01,-9.277616e+00,
5.622952e-02,-2.962972e-01,2.470593e+00,-4.692349e-01,3.102254e-01,-9.183082e+00,-1.395779e-02,6.605933e-03,7.178741e-03,-6.359416e+00,9.934801e+01,-2.614984e+01,-1.143173e+00,-1.627610e+00,8.974659e-01,4.410511e-01,-5.383580e-03,-4.406325e-01,8.970327e-01,3.428527e-02,1.995080e-02,-2.839768e-02,9.993976e-01,-1.599712e-01,-9.760844e-02,5.022323e-01,-2.348592e-01,1.701980e-01,-9.195722e+00,
5.622934e-02,-2.962983e-01,2.470598e+00,-4.526491e-01,3.384745e-01,-9.102524e+00,-1.186564e-02,6.171549e-03,7.799614e-03,-6.358573e+00,9.933701e+01,-2.605806e+01,-1.162308e+00,-1.725302e+00,8.981646e-01,4.396313e-01,-4.988760e-03,-4.391914e-01,8.976740e-01,3.595385e-02,2.028471e-02,-3.010145e-02,9.993411e-01,-1.595926e-01,-9.701622e-02,5.024685e-01,-2.123391e-01,1.753685e-01,-9.115896e+00,
5.919993e-02,-3.027813e-01,2.470808e+00,-4.190942e-01,4.019270e-01,-8.934123e+00,-7.699720e-03,5.114203e-03,8.907058e-03,-6.358188e+00,9.933701e+01,-2.586971e+01,-1.203527e+00,-1.884592e+00,8.995902e-01,4.367117e-01,-4.539711e-03,-4.362299e-01,8.990006e-01,3.875045e-02,2.100397e-02,-3.287916e-02,9.992387e-01,-1.590242e-01,-9.745464e-02,5.029225e-01,-1.609285e-01,1.979528e-01,-8.949339e+00,
5.923233e-02,-2.985051e-01,2.470786e+00,-4.097626e-01,4.253507e-01,-8.845115e+00,-5.266139e-03,6.404267e-03,9.595920e-03,-6.357450e+00,9.934400e+01,-2.577208e+01,-1.220511e+00,-1.944796e+00,9.003266e-01,4.351928e-01,-4.415190e-03,-4.346937e-01,8.996978e-01,3.981683e-02,2.130033e-02,-3.392889e-02,9.991973e-01,-1.584091e-01,-9.646048e-02,5.030259e-01,-1.447577e-01,2.086240e-01,-8.861175e+00,
5.920804e-02,-3.017106e-01,2.470792e+00,-3.918950e-01,4.452035e-01,-8.779590e+00,-2.909670e-03,4.499098e-03,9.986298e-03,-6.357922e+00,9.935500e+01,-2.565658e+01,-1.248341e+00,-1.991729e+00,9.011915e-01,4.333970e-01,-4.577911e-03,-4.328733e-01,9.005330e-01,4.075564e-02,2.178593e-02,-3.474698e-02,9.991587e-01,-1.585233e-01,-9.684056e-02,5.031263e-01,-1.200304e-01,2.127436e-01,-8.796210e+00,
6.020617e-02,-3.028046e-01,2.470869e+00,-3.731807e-01,4.659561e-01,-8.714070e+00,-3.867793e-04,4.918271e-03,1.038880e-02,-6.357471e+00,9.934400e+01,-2.555865e+01,-1.273621e+00,-2.024454e+00,9.019213e-01,4.318739e-01,-4.798594e-03,-4.313283e-01,9.012423e-01,4.145272e-02,2.222705e-02,-3.531732e-02,9.991291e-01,-1.583547e-01,-9.702019e-02,5.031967e-01,-9.353003e-02,2.196807e-01,-8.731232e+00,
5.820959e-02,-3.006239e-01,2.470760e+00,-3.464062e-01,4.924009e-01,-8.662473e+00,2.110666e-03,4.552771e-03,1.032476e-02,-6.355773e+00,9.934801e+01,-2.544573e+01,-1.300963e+00,-2.043157e+00,9.027599e-01,4.301138e-01,-5.170437e-03,-4.295453e-01,9.020708e-01,4.194250e-02,2.270414e-02,-3.564307e-02,9.991067e-01,-1.584727e-01,-9.654906e-02,5.031556e-01,-5.614444e-02,2.296518e-01,-8.680150e+00,
6.021433e-02,-3.017358e-01,2.470865e+00,-3.254607e-01,4.988709e-01,-8.625998e+00,4.485815e-03,3.158060e-03,1.080356e-02,-6.355240e+00,9.934400e+01,-2.533459e+01,-1.336224e+00,-2.048518e+00,9.035787e-01,4.283836e-01,-5.767420e-03,-4.277873e-01,9.028901e-01,4.227998e-02,2.331940e-02,-3.573606e-02,9.990892e-01,-1.582940e-01,-9.703019e-02,5.031435e-01,-3.062146e-02,2.249465e-01,-8.643559e+00,
5.920803e-02,-3.017142e-01,2.470813e+00,-2.981631e-01,5.045695e-01,-8.589141e+00,7.263299e-03,2.294036e-03,1.092942e-02,-6.356465e+00,9.934801e+01,-2.522237e+01,-1.376032e+00,-2.037937e+00,9.044000e-01,4.266356e-01,-6.556972e-03,-4.260097e-01,9.037248e-01,4.239750e-02,2.401398e-02,-3.555096e-02,9.990794e-01,-1.586284e-01,-9.719196e-02,5.030295e-01,1.927298e-03,2.188542e-01,-8.606332e+00,
6.021447e-02,-3.017349e-01,2.470859e+00,-2.855972e-01,5.124869e-01,-8.554180e+00,9.923079e-03,2.087727e-03,1.151432e-02,-6.357229e+00,9.934400e+01,-2.510655e+01,-1.416884e+00,-2.012326e+00,9.052435e-01,4.248276e-01,-7.477609e-03,-4.241733e-01,9.045935e-01,4.228206e-02,2.472678e-02,-3.510376e-02,9.990778e-01,-1.586810e-01,-9.764892e-02,5.029007e-01,2.314841e-02,2.230467e-01,-8.571343e+00,
5.919996e-02,-3.027814e-01,2.470809e+00,-2.622500e-01,5.143234e-01,-8.527710e+00,1.240257e-02,3.697629e-03,1.125208e-02,-6.357573e+00,9.934801e+01,-2.499235e+01,-1.448442e+00,-1.972655e+00,9.060747e-01,4.230355e-01,-8.353534e-03,-4.223622e-01,9.054596e-01,4.187265e-02,2.527740e-02,-3.441152e-02,9.990881e-01,-1.591385e-01,-9.826422e-02,5.027289e-01,5.119549e-02,2.193858e-01,-8.544261e+00,
6.123699e-02,-2.996225e-01,2.470922e+00,-2.343680e-01,5.093727e-01,-8.537188e+00,1.497756e-02,3.621447e-03,1.111292e-02,-6.355952e+00,9.933701e+01,-2.487379e+01,-1.480325e+00,-1.918563e+00,9.069338e-01,4.211698e-01,-9.342140e-03,-4.204805e-01,9.063643e-01,4.123346e-02,2.583366e-02,-3.346782e-02,9.991060e-01,-1.587883e-01,-9.853160e-02,5.025350e-01,8.173171e-02,2.082066e-01,-8.552657e+00,
6.024702e-02,-2.974598e-01,2.470841e+00,-2.100357e-01,4.979315e-01,-8.536716e+00,1.750351e-02,3.286242e-03,1.101468e-02,-6.356077e+00,9.933701e+01,-2.476568e+01,-1.514054e+00,-1.850523e+00,9.077115e-01,4.194646e-01,-1.045212e-02,-4.187621e-01,9.071976e-01,4.038483e-02,2.642215e-02,-3.228083e-02,9.991296e-01,-1.591156e-01,-9.880726e-02,5.022557e-01,1.074396e-01,1.949234e-01,-8.550910e+00,
6.126950e-02,-2.953433e-01,2.470881e+00,-1.821883e-01,4.902388e-01,-8.540755e+00,1.961978e-02,2.208287e-03,1.106185e-02,-6.357414e+00,9.934801e+01,-2.464701e+01,-1.553591e+00,-1.771162e+00,9.085602e-01,4.175890e-01,-1.174081e-02,-4.168733e-01,9.081106e-01,3.939284e-02,2.711197e-02,-3.089633e-02,9.991549e-01,-1.591709e-01,-9.934829e-02,5.019678e-01,1.394646e-01,1.846959e-01,-8.553623e+00,
6.040103e-02,-2.771506e-01,2.470748e+00,-1.697764e-01,4.662013e-01,-8.582484e+00,2.187463e-02,2.470913e-03,1.086219e-02,-6.357179e+00,9.934801e+01,-2.453709e+01,-1.591009e+00,-1.679284e+00,9.093418e-01,4.158441e-01,-1.307679e-02,-4.151222e-01,9.089639e-01,3.818367e-02,2.776479e-02,-2.929355e-02,9.991851e-01,-1.583331e-01,-9.707910e-02,5.015186e-01,1.517136e-01,1.665274e-01,-8.593861e+00,
5.929736e-02,-2.899563e-01,2.470759e+00,-1.554210e-01,4.319122e-01,-8.635304e+00,2.386159e-02,3.894057e-03,1.027960e-02,-6.356179e+00,9.934801e+01,-2.444172e+01,-1.618923e+00,-1.575221e+00,9.100192e-01,4.143181e-01,-1.433602e-02,-4.136023e-01,9.097173e-01,3.671106e-02,2.825178e-02,-2.747836e-02,9.992231e-01,-1.599521e-01,-1.001833e-01,5.012499e-01,1.613088e-01,1.401893e-01,-8.644855e+00,
6.233271e-02,-2.878872e-01,2.470921e+00,-1.342821e-01,3.995260e-01,-8.693597e+00,2.575070e-02,2.588127e-03,9.921602e-03,-6.355493e+00,9.933301e+01,-2.435182e+01,-1.652316e+00,-1.459951e+00,9.106520e-01,4.128740e-01,-1.575482e-02,-4.121671e-01,9.104322e-01,3.509707e-02,2.883436e-02,-2.546760e-02,9.992598e-01,-1.597905e-01,-1.011209e-01,5.009086e-01,1.796357e-01,1.139682e-01,-8.701209e+00,
6.234128e-02,-2.868206e-01,2.470930e+00,-1.202139e-01,3.759725e-01,-8.756916e+00,2.753994e-02,3.344243e-03,9.703639e-03,-6.354472e+00,9.935900e+01,-2.427810e+01,-1.679671e+00,-1.333527e+00,9.111689e-01,4.116764e-01,-1.714326e-02,-4.109893e-01,9.110332e-01,3.326281e-02,2.931159e-02,-2.326234e-02,9.992996e-01,-1.602416e-01,-1.020629e-01,5.005063e-01,1.953659e-01,1.006505e-01,-8.763053e+00,
6.243850e-02,-2.739944e-01,2.470873e+00,-1.050409e-01,3.235885e-01,-8.842366e+00,2.888161e-02,6.255654e-03,9.106692e-03,-6.353591e+00,9.934801e+01,-2.422049e+01,-1.688023e+00,-1.197069e+00,9.115778e-01,4.107209e-01,-1.828778e-02,-4.100712e-01,9.115220e-01,3.113449e-02,2.945730e-02,-2.088222e-02,9.993480e-01,-1.596792e-01,-1.011004e-01,5.000507e-01,1.988589e-01,6.272972e-02,-8.846453e+00,
6.237326e-02,-2.825401e-01,2.470884e+00,-9.510801e-02,2.822090e-01,-8.937633e+00,3.019442e-02,5.122275e-03,8.874300e-03,-6.355333e+00,9.935500e+01,-2.416338e+01,-1.701749e+00,-1.051919e+00,9.119796e-01,4.097685e-01,-1.957538e-02,-4.091595e-01,9.120051e-01,2.890391e-02,2.969676e-02,-1.835032e-02,9.993905e-01,-1.608679e-01,-1.038380e-01,4.996560e-01,2.038614e-01,3.795785e-02,-8.940188e+00,
6.239772e-02,-2.793339e-01,2.470873e+00,-8.730827e-02,2.373193e-01,-9.040801e+00,3.086361e-02,5.452837e-03,8.338123e-03,-6.356330e+00,9.933701e+01,-2.411662e+01,-1.714374e+00,-9.023390e-01,9.123072e-01,4.089746e-01,-2.086772e-02,-4.084123e-01,9.124101e-01,2.659600e-02,2.991701e-02,-1.574109e-02,9.994285e-01,-1.611571e-01,-1.045781e-01,4.992010e-01,2.060665e-01,1.174112e-02,-9.041982e+00,
6.239771e-02,-2.793325e-01,2.470862e+00,-7.703622e-02,1.887487e-01,-9.156586e+00,3.171164e-02,5.351688e-03,7.323240e-03,-6.356748e+00,9.934400e+01,-2.407870e+01,-1.728896e+00,-7.473519e-01,9.125702e-01,4.083157e-01,-2.222117e-02,-4.078054e-01,9.127476e-01,2.421661e-02,3.017034e-02,-1.303745e-02,9.994597e-01,-1.617450e-01,-1.058778e-01,4.987343e-01,2.102381e-01,-1.804571e-02,-9.156424e+00,
6.344479e-02,-2.740091e-01,2.470884e+00,-6.756227e-02,1.340396e-01,-9.279586e+00,3.185132e-02,5.982623e-03,6.938907e-03,-6.357566e+00,9.934801e+01,-2.404770e+01,-1.740471e+00,-5.911688e-01,9.127853e-01,4.077615e-01,-2.353028e-02,-4.073090e-01,9.130303e-01,2.179811e-02,3.037228e-02,-1.031290e-02,9.994855e-01,-1.617364e-01,-1.063440e-01,4.982680e-01,2.113376e-01,-5.237648e-02,-9.278246e+00,
6.346912e-02,-2.708020e-01,2.470868e+00,-6.455486e-02,8.199336e-02,-9.409849e+00,3.182694e-02,7.617356e-03,6.366146e-03,-6.358363e+00,9.934801e+01,-2.402136e+01,-1.743342e+00,-4.348384e-01,9.129709e-01,4.072764e-01,-2.469737e-02,-4.068888e-01,9.132733e-01,1.931590e-02,3.042236e-02,-7.585777e-03,9.995083e-01,-1.620045e-01,-1.071132e-01,4.978088e-01,2.068557e-01,-8.061073e-02,-9.407808e+00,
6.249544e-02,-2.665015e-01,2.470780e+00,-5.512935e-02,4.374996e-02,-9.531364e+00,3.151619e-02,8.005288e-03,6.005696e-03,-6.359865e+00,9.934400e+01,-2.400065e+01,-1.744905e+00,-2.802985e-01,9.131173e-01,4.068782e-01,-2.582679e-02,-4.065584e-01,9.134694e-01,1.685429e-02,3.044962e-02,-4.889844e-03,9.995245e-01,-1.623526e-01,-1.075921e-01,4.973366e-01,2.136259e-01,-9.826683e-02,-9.528725e+00,
6.350966e-02,-2.654554e-01,2.470830e+00,-5.943735e-02,-1.093364e-02,-9.654422e+00,3.105740e-02,9.645849e-03,5.400913e-03,-6.360071e+00,9.934801e+01,-2.398654e+01,-1.738100e+00,-1.285775e-01,9.132208e-01,4.065832e-01,-2.679923e-02,-4.063350e-01,9.136112e-01,1.438046e-02,3.033092e-02,-2.243067e-03,9.995375e-01,-1.625444e-01,-1.087689e-01,4.969271e-01,2.000062e-01,-1.246726e-01,-9.651735e+00,
5.947604e-02,-2.664352e-01,2.470617e+00,-7.056717e-02,-5.983252e-02,-9.792897e+00,3.013536e-02,9.277404e-03,5.046291e-03,-6.359766e+00,9.934801e+01,-2.397581e+01,-1.734231e+00,1.758392e-02,9.132987e-01,4.063425e-01,-2.777691e-02,-4.061649e-01,9.137209e-01,1.201715e-02,3.026342e-02,3.067567e-04,9.995420e-01,-1.637663e-01,-1.098436e-01,4.964476e-01,1.832550e-01,-1.436910e-01,-9.790566e+00,
6.152107e-02,-2.622066e-01,2.470720e+00,-7.320600e-02,-9.791896e-02,-9.929364e+00,2.892036e-02,1.076581e-02,4.401154e-03,-6.359127e+00,9.934400e+01,-2.397276e+01,-1.722102e+00,1.568051e-01,9.133260e-01,4.062256e-01,-2.857136e-02,-4.061188e-01,9.137687e-01,9.709394e-03,3.005182e-02,2.735525e-03,9.995446e-01,-1.634722e-01,-1.104376e-01,4.960960e-01,1.770573e-01,-1.561531e-01,-9.927310e+00,
6.256030e-02,-2.579521e-01,2.470746e+00,-8.044765e-02,-1.379414e-01,-1.005483e+01,2.799143e-02,1.107556e-02,3.878897e-03,-6.358749e+00,9.934400e+01,-2.397499e+01,-1.708226e+00,2.908294e-01,9.133169e-01,4.061943e-01,-2.930004e-02,-4.061573e-01,9.137726e-01,7.474701e-03,2.980976e-02,5.073654e-03,9.995427e-01,-1.633268e-01,-1.108991e-01,4.957435e-01,1.651018e-01,-1.685296e-01,-1.005333e+01,
6.056356e-02,-2.557678e-01,2.470619e+00,-8.632689e-02,-1.796622e-01,-1.020115e+01,2.592476e-02,9.426243e-03,3.103016e-03,-6.359858e+00,9.933701e+01,-2.398540e+01,-1.703870e+00,4.131964e-01,9.132451e-01,4.062973e-01,-3.009705e-02,-4.063241e-01,9.137125e-01,5.497722e-03,2.973376e-02,7.208387e-03,9.995319e-01,-1.639108e-01,-1.113339e-01,4.953601e-01,1.551908e-01,-1.851660e-01,-1.020024e+01,
5.955695e-02,-2.557433e-01,2.470546e+00,-9.517364e-02,-2.306272e-01,-1.032986e+01,2.425798e-02,1.207274e-02,2.618613e-03,-6.360687e+00,9.934400e+01,-2.400395e+01,-1.684297e+00,5.262697e-01,9.131227e-01,4.065358e-01,-3.058570e-02,-4.066238e-01,9.135887e-01,3.565603e-03,2.939229e-02,9.181041e-03,9.995258e-01,-1.643537e-01,-1.121704e-01,4.950435e-01,1.352825e-01,-2.088307e-01,-1.032987e+01,
6.156993e-02,-2.557887e-01,2.470663e+00,-1.035400e-01,-2.509939e-01,-1.042588e+01,2.245888e-02,1.231748e-02,2.236692e-03,-6.361880e+00,9.934801e+01,-2.402402e+01,-1.663353e+00,6.291317e-01,9.129900e-01,4.068040e-01,-3.098110e-02,-4.069481e-01,9.134495e-01,1.787674e-03,2.902691e-02,1.097557e-02,9.995183e-01,-1.642419e-01,-1.131682e-01,4.948099e-01,1.263690e-01,-2.057729e-01,-1.042662e+01,
6.062051e-02,-2.482845e-01,2.470576e+00,-1.126572e-01,-2.731644e-01,-1.052285e+01,2.012651e-02,1.204291e-02,1.673374e-03,-6.360803e+00,9.934801e+01,-2.405784e+01,-1.644199e+00,7.185674e-01,9.127584e-01,4.072980e-01,-3.131073e-02,-4.074908e-01,9.132093e-01,2.442724e-04,2.869274e-02,1.253588e-02,9.995097e-01,-1.640548e-01,-1.124892e-01,4.945746e-01,1.153901e-01,-2.061199e-01,-1.052435e+01,
6.163481e-02,-2.472388e-01,2.470631e+00,-1.191358e-01,-3.100645e-01,-1.062638e+01,1.782898e-02,1.228040e-02,1.241556e-03,-6.360058e+00,9.934801e+01,-2.409631e+01,-1.623801e+00,7.948380e-01,9.124939e-01,4.078736e-01,-3.152871e-02,-4.081078e-01,9.129332e-01,-1.095258e-03,2.833687e-02,1.386653e-02,9.995023e-01,-1.639801e-01,-1.129561e-01,4.944040e-01,9.985813e-02,-2.228093e-01,-1.062877e+01,
6.162663e-02,-2.483093e-01,2.470644e+00,-1.221521e-01,-3.300678e-01,-1.070134e+01,1.504714e-02,1.332090e-02,8.063135e-04,-6.359611e+00,9.934400e+01,-2.414351e+01,-1.597407e+00,8.552316e-01,9.121693e-01,4.085982e-01,-3.154015e-02,-4.088646e-01,9.125925e-01,-2.219551e-03,2.787639e-02,1.492025e-02,9.995001e-01,-1.641587e-01,-1.135774e-01,4.942716e-01,9.123337e-02,-2.275216e-01,-1.070432e+01,
6.364770e-02,-2.472875e-01,2.470764e+00,-1.284901e-01,-3.410604e-01,-1.077673e+01,1.259438e-02,1.309152e-02,3.873392e-04,-6.358517e+00,9.933301e+01,-2.420103e+01,-1.572290e+00,9.016677e-01,9.117694e-01,4.094949e-01,-3.147461e-02,-4.097852e-01,9.121768e-01,-3.106785e-03,2.743819e-02,1.573050e-02,9.994998e-01,-1.638120e-01,-1.138508e-01,4.942144e-01,8.237749e-02,-2.249731e-01,-1.078023e+01,
6.163498e-02,-2.472445e-01,2.470667e+00,-1.352929e-01,-3.558462e-01,-1.084387e+01,1.012034e-02,1.318663e-02,1.118850e-04,-6.356534e+00,9.934801e+01,-2.427209e+01,-1.546427e+00,9.341334e-01,9.112717e-01,4.106146e-01,-3.129981e-02,-4.109206e-01,9.116634e-01,-3.769795e-03,2.698696e-02,1.629705e-02,9.995030e-01,-1.642041e-01,-1.138339e-01,4.941354e-01,7.000709e-02,-2.279381e-01,-1.084794e+01,
6.063667e-02,-2.461498e-01,2.470585e+00,-1.483371e-01,-3.713138e-01,-1.089897e+01,7.338242e-03,1.231731e-02,-1.451494e-04,-6.357143e+00,9.934400e+01,-2.433916e+01,-1.525273e+00,9.509420e-01,9.107990e-01,4.116780e-01,-3.108875e-02,-4.119912e-01,9.111784e-01,-4.152545e-03,2.661789e-02,1.659043e-02,9.995080e-01,-1.643156e-01,-1.135851e-01,4.941060e-01,5.086839e-02,-2.319611e-01,-1.090372e+01,
6.062037e-02,-2.482839e-01,2.470572e+00,-1.635472e-01,-3.838527e-01,-1.093628e+01,4.666367e-03,1.074694e-02,-7.540034e-04,-6.360117e+00,9.934400e+01,-2.442013e+01,-1.512773e+00,9.528728e-01,9.102212e-01,4.129675e-01,-3.090996e-02,-4.132803e-01,9.105941e-01,-4.229444e-03,2.639980e-02,1.662421e-02,9.995133e-01,-1.645531e-01,-1.137769e-01,4.941135e-01,3.065732e-02,-2.356888e-01,-1.094166e+01,
5.961410e-02,-2.482604e-01,2.470509e+00,-1.666232e-01,-3.740372e-01,-1.096262e+01,1.829017e-03,1.249019e-02,-6.271976e-04,-6.361883e+00,9.934400e+01,-2.449539e+01,-1.490013e+00,9.387614e-01,9.096870e-01,4.141767e-01,-3.045217e-02,-4.144798e-01,9.100491e-01,-4.129333e-03,2.600269e-02,1.637821e-02,9.995278e-01,-1.646440e-01,-1.134477e-01,4.941798e-01,2.734309e-02,-2.260620e-01,-1.096790e+01,
5.756874e-02,-2.524906e-01,2.470417e+00,-1.714415e-01,-3.704108e-01,-1.098507e+01,-5.535709e-04,1.276313e-02,-1.102875e-03,-6.362444e+00,9.935900e+01,-2.457361e+01,-1.465284e+00,9.114003e-01,9.091304e-01,4.154395e-01,-2.986707e-02,-4.157260e-01,9.094818e-01,-3.832836e-03,2.557125e-02,1.590107e-02,9.995466e-01,-1.651878e-01,-1.136585e-01,4.942662e-01,1.834583e-02,-2.235052e-01,-1.099036e+01,
5.957345e-02,-2.536028e-01,2.470523e+00,-1.792069e-01,-3.696488e-01,-1.100029e+01,-3.309109e-03,1.003960e-02,-1.277499e-03,-6.362587e+00,9.935900e+01,-2.464829e+01,-1.455710e+00,8.686591e-01,9.085916e-01,4.166490e-01,-2.940943e-02,-4.169124e-01,9.089411e-01,-3.185517e-03,2.540420e-02,1.515549e-02,9.995624e-01,-1.648543e-01,-1.134868e-01,4.944380e-01,6.672412e-03,-2.262339e-01,-1.100563e+01,
5.861562e-02,-2.471698e-01,2.470454e+00,-1.884918e-01,-3.587841e-01,-1.098304e+01,-5.635773e-03,1.036108e-02,-1.146462e-03,-6.361236e+00,9.935500e+01,-2.473467e+01,-1.443846e+00,8.130056e-01,9.079668e-01,4.180499e-01,-2.882016e-02,-4.182839e-01,9.083133e-01,-2.345500e-03,2.519720e-02,1.418464e-02,9.995819e-01,-1.643914e-01,-1.116664e-01,4.946254e-01,-4.601002e-03,-2.212846e-01,-1.098829e+01,
5.855903e-02,-2.546530e-01,2.470496e+00,-2.059611e-01,-3.387629e-01,-1.096156e+01,-8.143089e-03,1.116099e-02,-1.289885e-03,-6.360946e+00,9.935900e+01,-2.480349e+01,-1.426954e+00,7.435417e-01,9.074706e-01,4.191788e-01,-2.804726e-02,-4.193774e-01,9.078112e-01,-1.333904e-03,2.490247e-02,1.297287e-02,9.996059e-01,-1.647447e-01,-1.122540e-01,4.948512e-01,-2.146420e-02,-2.065356e-01,-1.096676e+01,
6.260071e-02,-2.526060e-01,2.470714e+00,-2.139401e-01,-3.279247e-01,-1.093856e+01,-1.054688e-02,1.083504e-02,-9.815068e-04,-6.360005e+00,9.935500e+01,-2.487773e+01,-1.410971e+00,6.613772e-01,9.069327e-01,4.203974e-01,-2.719317e-02,-4.205557e-01,9.072668e-01,-1.138067e-04,2.462361e-02,1.153946e-02,9.996303e-01,-1.636201e-01,-1.114193e-01,4.951884e-01,-3.443393e-02,-2.062965e-01,-1.094357e+01,
6.065310e-02,-2.440110e-01,2.470571e+00,-2.288637e-01,-2.996886e-01,-1.090979e+01,-1.266332e-02,9.107717e-03,-9.403334e-04,-6.359548e+00,9.935900e+01,-2.493193e+01,-1.403771e+00,5.685817e-01,9.065371e-01,4.213001e-01,-2.639705e-02,-4.214148e-01,9.068671e-01,1.327714e-03,2.449798e-02,9.920483e-03,9.996507e-01,-1.629856e-01,-1.089366e-01,4.954557e-01,-4.574621e-02,-1.898163e-01,-1.091455e+01,
5.952471e-02,-2.600231e-01,2.470596e+00,-2.341376e-01,-2.792808e-01,-1.083640e+01,-1.470265e-02,8.558559e-03,-7.787294e-04,-6.358601e+00,9.935900e+01,-2.498147e+01,-1.397913e+00,4.661062e-01,9.061747e-01,4.221313e-01,-2.554829e-02,-4.221995e-01,9.064983e-01,2.928681e-03,2.439577e-02,8.132579e-03,9.996694e-01,-1.641280e-01,-1.106471e-01,4.957398e-01,-5.321115e-02,-1.860512e-01,-1.084081e+01,
6.052310e-02,-2.611167e-01,2.470670e+00,-2.421339e-01,-2.479043e-01,-1.077750e+01,-1.617047e-02,9.736069e-03,-8.161489e-04,-6.357818e+00,9.934801e+01,-2.502416e+01,-1.384688e+00,3.562591e-01,9.058649e-01,4.228560e-01,-2.452636e-02,-4.228768e-01,9.061756e-01,4.587431e-03,2.416501e-02,6.216039e-03,9.996887e-01,-1.636269e-01,-1.099700e-01,4.961047e-01,-5.983540e-02,-1.716931e-01,-1.078154e+01,
