MagX, MagY, MagZ, AccX, AccY, AccZ, GyroX, GyroY, GyroZ, Temp, Pres, Yaw, Pitch, Roll, DCM1, DCM2, DCM3, DCM4, DCM5, DCM6, DCM7, DCM8, DCM9, MagNED1, MagNED2, MagNED3, AccNED1, AccNED2, ACCNED3, 
5.236965e-02,-2.754519e-01,2.467585e+00,-1.835788e-01,1.843873e-01,-9.510153e+00,7.454996e-03,1.047319e-02,3.668172e-03,-6.675851e+00,9.935001e+01,-2.699686e+01,-7.778172e-01,-6.677780e-01,8.909493e-01,4.540518e-01,-6.804442e-03,-4.538998e-01,8.908991e-01,1.654653e-02,1.357505e-02,-1.165359e-02,9.998400e-01,-1.611946e-01,-1.003965e-01,4.995230e-01,-1.512671e-02,9.023678e-02,-9.513271e+00,
5.336682e-02,-2.765438e-01,2.467656e+00,-1.861251e-01,1.912463e-01,-9.517547e+00,8.324136e-03,1.107235e-02,3.944297e-03,-6.674936e+00,9.935500e+01,-2.699206e+01,-7.752921e-01,-6.528931e-01,8.909879e-01,4.539750e-01,-6.884502e-03,-4.538255e-01,8.909417e-01,1.629451e-02,1.353099e-02,-1.139385e-02,9.998436e-01,-1.611514e-01,-1.008040e-01,4.995034e-01,-1.349058e-02,9.977391e-02,-9.520756e+00,
5.232908e-02,-2.807950e-01,2.467633e+00,-1.881491e-01,1.890289e-01,-9.527404e+00,8.952267e-03,1.035882e-02,3.922883e-03,-6.673100e+00,9.935001e+01,-2.698696e+01,-7.789192e-01,-6.358970e-01,8.910276e-01,4.538943e-01,-7.076996e-03,-4.537459e-01,8.909866e-01,1.605832e-02,1.359429e-02,-1.109724e-02,9.998461e-01,-1.617742e-01,-1.015606e-01,4.994508e-01,-1.442151e-02,1.008000e-01,-9.530594e+00,
5.232118e-02,-2.818622e-01,2.467634e+00,-1.791927e-01,1.966166e-01,-9.538782e+00,9.766958e-03,9.905579e-03,3.972029e-03,-6.673292e+00,9.935001e+01,-2.698480e+01,-7.864683e-01,-6.158321e-01,8.910429e-01,4.538594e-01,-7.353938e-03,-4.537114e-01,8.910085e-01,1.580580e-02,1.372603e-02,-1.074708e-02,9.998480e-01,-1.620003e-01,-1.018716e-01,4.993827e-01,-2.844855e-04,1.057208e-01,-9.541905e+00,
5.335896e-02,-2.776098e-01,2.467647e+00,-1.721623e-01,1.904369e-01,-9.548885e+00,1.036995e-02,9.104499e-03,4.025965e-03,-6.675535e+00,9.935001e+01,-2.698082e+01,-7.982566e-01,-5.922154e-01,8.910721e-01,4.537964e-01,-7.725410e-03,-4.536483e-01,8.910456e-01,1.553134e-02,1.393176e-02,-1.033492e-02,9.998497e-01,-1.616407e-01,-1.013964e-01,4.992917e-01,6.779619e-03,9.948212e-02,-9.551817e+00,
5.234554e-02,-2.786529e-01,2.467586e+00,-1.723121e-01,1.736524e-01,-9.561233e+00,1.119966e-02,1.051922e-02,4.115890e-03,-6.676951e+00,9.935001e+01,-2.697899e+01,-8.013852e-01,-5.632350e-01,8.910858e-01,4.537644e-01,-8.004075e-03,-4.536195e-01,8.910676e-01,1.510516e-02,1.398635e-02,-9.829188e-03,9.998540e-01,-1.620344e-01,-1.017039e-01,4.991913e-01,1.781225e-03,8.847621e-02,-9.563953e+00,
5.337520e-02,-2.754721e-01,2.467625e+00,-1.521368e-01,1.909420e-01,-9.567670e+00,1.198638e-02,8.078551e-03,4.006825e-03,-6.678065e+00,9.935001e+01,-2.697320e+01,-8.160507e-01,-5.296063e-01,8.911285e-01,4.536717e-01,-8.499963e-03,-4.535277e-01,8.911211e-01,1.469741e-02,1.424229e-02,-9.242306e-03,9.998560e-01,-1.618261e-01,-1.014794e-01,4.990743e-01,3.237638e-02,9.853075e-02,-9.570223e+00,
5.134835e-02,-2.775644e-01,2.467536e+00,-1.506107e-01,1.920899e-01,-9.574843e+00,1.246538e-02,1.028506e-02,4.123679e-03,-6.676646e+00,9.933900e+01,-2.696748e+01,-8.186252e-01,-4.938451e-01,8.911731e-01,4.535777e-01,-8.824574e-03,-4.534385e-01,8.911752e-01,1.416070e-02,1.428722e-02,-8.618237e-03,9.998608e-01,-1.624943e-01,-1.019424e-01,4.989486e-01,3.740138e-02,1.038920e-01,-9.577318e+00,
5.337509e-02,-2.754734e-01,2.467632e+00,-1.403814e-01,1.842733e-01,-9.594506e+00,1.309360e-02,1.006101e-02,4.324681e-03,-6.676156e+00,9.935001e+01,-2.696931e+01,-8.213502e-01,-4.548814e-01,8.911580e-01,4.536003e-01,-9.174976e-03,-4.534666e-01,8.911700e-01,1.357652e-02,1.433478e-02,-7.938280e-03,9.998658e-01,-1.621536e-01,-1.020526e-01,4.988524e-01,4.651375e-02,9.761710e-02,-9.596694e+00,
5.344009e-02,-2.669312e-01,2.467597e+00,-1.333600e-01,1.753925e-01,-9.607970e+00,1.348132e-02,7.211916e-03,4.117039e-03,-6.675730e+00,9.935001e+01,-2.696718e+01,-8.400136e-01,-4.142886e-01,8.911707e-01,4.535627e-01,-9.787099e-03,-4.534314e-01,8.911951e-01,1.309249e-02,1.466048e-02,-7.229862e-03,9.998664e-01,-1.617142e-01,-1.008753e-01,4.986857e-01,5.473913e-02,9.098633e-02,-9.609910e+00,
5.438849e-02,-2.744281e-01,2.467682e+00,-1.318795e-01,1.682736e-01,-9.633813e+00,1.425914e-02,7.426546e-03,3.812793e-03,-6.676469e+00,9.935001e+01,-2.696783e+01,-8.571091e-01,-3.702966e-01,8.911616e-01,4.535670e-01,-1.040110e-02,-4.534395e-01,8.911989e-01,1.254363e-02,1.495882e-02,-6.462127e-03,9.998673e-01,-1.625011e-01,-1.024863e-01,4.985586e-01,5.899962e-02,8.892162e-02,-9.635595e+00,
5.240234e-02,-2.711801e-01,2.467562e+00,-1.372149e-01,1.547860e-01,-9.659198e+00,1.446291e-02,7.612019e-03,3.693653e-03,-6.676328e+00,9.935001e+01,-2.696856e+01,-8.729067e-01,-3.240112e-01,8.911521e-01,4.535711e-01,-1.101306e-02,-4.534490e-01,8.912022e-01,1.194884e-02,1.523451e-02,-5.654377e-03,9.998680e-01,-1.628618e-01,-1.020692e-01,4.983663e-01,5.430437e-02,8.474936e-02,-9.660889e+00,
5.337505e-02,-2.754730e-01,2.467632e+00,-1.422662e-01,1.334229e-01,-9.703037e+00,1.493288e-02,7.525696e-03,3.702128e-03,-6.676494e+00,9.935001e+01,-2.696903e+01,-8.875269e-01,-2.722033e-01,8.911448e-01,4.535694e-01,-1.165048e-02,-4.534545e-01,8.912084e-01,1.125880e-02,1.548965e-02,-4.750257e-03,9.998688e-01,-1.633822e-01,-1.032163e-01,4.982117e-01,4.678174e-02,7.417435e-02,-9.704601e+00,
5.442907e-02,-2.690872e-01,2.467645e+00,-1.438260e-01,1.211332e-01,-9.745965e+00,1.510393e-02,6.847662e-03,3.719818e-03,-6.677615e+00,9.933401e+01,-2.697350e+01,-9.046328e-01,-2.169148e-01,8.911054e-01,4.536284e-01,-1.235338e-02,-4.535218e-01,8.911830e-01,1.053515e-02,1.578817e-02,-3.785396e-03,9.998683e-01,-1.630178e-01,-1.025865e-01,4.980227e-01,4.718100e-02,7.050491e-02,-9.747411e+00,
5.344809e-02,-2.658611e-01,2.467576e+00,-1.532574e-01,1.068786e-01,-9.781910e+00,1.540540e-02,6.120762e-03,3.689939e-03,-6.677639e+00,9.935001e+01,-2.697865e+01,-9.250851e-01,-1.581016e-01,8.910595e-01,4.536965e-01,-1.313623e-02,-4.535994e-01,8.911520e-01,9.783425e-03,1.614508e-02,-2.759030e-03,9.998658e-01,-1.633045e-01,-1.023250e-01,4.977998e-01,4.042640e-02,6.906194e-02,-9.783367e+00,
5.343205e-02,-2.679996e-01,2.467605e+00,-1.673276e-01,7.899889e-02,-9.820589e+00,1.537320e-02,5.118946e-03,3.332674e-03,-6.676858e+00,9.935001e+01,-2.698399e+01,-9.514296e-01,-9.916822e-02,8.910104e-01,4.537665e-01,-1.401174e-02,-4.536790e-01,8.911189e-01,9.076668e-03,1.660482e-02,-1.730572e-03,9.998606e-01,-1.639337e-01,-1.030218e-01,4.975899e-01,2.436000e-02,5.717219e-02,-9.822135e+00,
5.647216e-02,-2.648644e-01,2.467761e+00,-1.694079e-01,5.721893e-02,-9.866462e+00,1.515068e-02,7.105516e-03,3.198730e-03,-6.675867e+00,9.936101e+01,-2.699166e+01,-9.662516e-01,-4.136248e-02,8.909460e-01,4.538715e-01,-1.469893e-02,-4.537963e-01,8.910670e-01,8.296942e-03,1.686347e-02,-7.218088e-04,9.998576e-01,-1.635116e-01,-1.031253e-01,4.974349e-01,2.006313e-02,4.600111e-02,-9.867955e+00,
5.446176e-02,-2.648189e-01,2.467647e+00,-1.715620e-01,4.085042e-02,-9.896060e+00,1.496165e-02,5.455303e-03,2.512833e-03,-6.675767e+00,9.935001e+01,-2.700151e+01,-9.904925e-01,1.540724e-02,8.908616e-01,4.540099e-01,-1.552426e-02,-4.539462e-01,8.909968e-01,7.608715e-03,1.728650e-02,2.688670e-04,9.998507e-01,-1.642714e-01,-1.032643e-01,4.972003e-01,1.933748e-02,3.898124e-02,-9.897537e+00,
5.646433e-02,-2.659301e-01,2.467753e+00,-1.760208e-01,2.863454e-02,-9.940928e+00,1.458887e-02,7.051181e-03,2.744878e-03,-6.676425e+00,9.933900e+01,-2.700819e+01,-1.005685e+00,7.001665e-02,8.908044e-01,4.540985e-01,-1.619239e-02,-4.540480e-01,8.909506e-01,6.881746e-03,1.755161e-02,1.221833e-03,9.998452e-01,-1.643740e-01,-1.039671e-01,4.970411e-01,1.717015e-02,3.702293e-02,-9.942444e+00,
5.549932e-02,-2.605672e-01,2.467664e+00,-1.924594e-01,-6.688363e-05,-9.998155e+00,1.419356e-02,5.410330e-03,2.705706e-03,-6.677635e+00,9.934400e+01,-2.701875e+01,-1.030195e+00,1.230373e-01,8.907139e-01,4.542467e-01,-1.699252e-02,-4.542087e-01,8.908734e-01,6.254637e-03,1.797933e-02,2.147058e-03,9.998361e-01,-1.644929e-01,-1.032717e-01,4.968259e-01,-1.562849e-03,2.482235e-02,-9.999977e+00,
5.652923e-02,-2.573876e-01,2.467713e+00,-1.920813e-01,-2.798292e-02,-1.004792e+01,1.347953e-02,7.343487e-03,2.505696e-03,-6.677467e+00,9.936101e+01,-2.702900e+01,-1.042820e+00,1.727280e-01,8.906291e-01,4.543906e-01,-1.758173e-02,-4.543662e-01,8.907976e-01,5.585236e-03,1.819964e-02,3.014169e-03,9.998299e-01,-1.643589e-01,-1.031340e-01,4.966737e-01,-7.128581e-03,6.228134e-03,-1.004979e+01,
5.750989e-02,-2.606151e-01,2.467794e+00,-1.944981e-01,-5.153296e-02,-1.008240e+01,1.286406e-02,7.048789e-03,2.609321e-03,-6.676233e+00,9.935001e+01,-2.704173e+01,-1.056992e+00,2.189667e-01,8.905240e-01,4.545732e-01,-1.816761e-02,-4.545619e-01,8.907012e-01,4.982769e-03,1.844695e-02,3.821030e-03,9.998225e-01,-1.647838e-01,-1.040254e-01,4.965307e-01,-1.345752e-02,-7.727329e-03,-1.008440e+01,
5.648862e-02,-2.627278e-01,2.467748e+00,-2.040593e-01,-8.829811e-02,-1.013663e+01,1.194652e-02,7.049864e-03,2.460164e-03,-6.675586e+00,9.935001e+01,-2.705299e+01,-1.071032e+00,2.601335e-01,8.904307e-01,4.547341e-01,-1.871155e-02,-4.547350e-01,8.906157e-01,4.457863e-03,1.869194e-02,4.539378e-03,9.998150e-01,-1.654250e-01,-1.045241e-01,4.963718e-01,-3.218070e-02,-3.103451e-02,-1.013897e+01,
5.751833e-02,-2.595457e-01,2.467778e+00,-2.114717e-01,-1.019042e-01,-1.018908e+01,1.095299e-02,7.090794e-03,2.323482e-03,-6.676354e+00,9.936101e+01,-2.706835e+01,-1.084865e+00,2.956717e-01,8.903047e-01,4.549601e-01,-1.920750e-02,-4.549716e-01,8.904969e-01,4.020385e-03,1.893333e-02,5.159497e-03,9.998075e-01,-1.652539e-01,-1.042564e-01,4.962557e-01,-3.892976e-02,-3.549580e-02,-1.019165e+01,
5.750196e-02,-2.616791e-01,2.467773e+00,-2.154748e-01,-1.205586e-01,-1.022006e+01,9.774718e-03,7.505699e-03,2.237868e-03,-6.677969e+00,9.936101e+01,-2.708304e+01,-1.096258e+00,3.246656e-01,8.901848e-01,4.551776e-01,-1.961382e-02,-4.551981e-01,8.903828e-01,3.665259e-03,1.913215e-02,5.665416e-03,9.998010e-01,-1.656672e-01,-1.047501e-01,4.961474e-01,-4.623342e-02,-4.671878e-02,-1.022284e+01,
5.851546e-02,-2.606341e-01,2.467827e+00,-1.924555e-01,-1.253193e-01,-1.023939e+01,8.694487e-03,8.670053e-03,2.522097e-03,-6.678697e+00,9.935500e+01,-2.709348e+01,-1.100432e+00,3.477832e-01,8.901005e-01,4.553316e-01,-1.986170e-02,-4.553598e-01,8.903014e-01,3.342784e-03,1.920498e-02,6.068807e-03,9.997973e-01,-1.655498e-01,-1.047946e-01,4.960871e-01,-2.499478e-02,-5.816349e-02,-1.024177e+01,
5.751013e-02,-2.606116e-01,2.467771e+00,-1.897021e-01,-1.460693e-01,-1.026735e+01,7.415738e-03,8.720955e-03,2.345341e-03,-6.678581e+00,9.936101e+01,-2.710804e+01,-1.103924e+00,3.640484e-01,8.899838e-01,4.555517e-01,-2.004442e-02,-4.555854e-01,8.901868e-01,3.122888e-03,1.926591e-02,6.352623e-03,9.997944e-01,-1.658331e-01,-1.047752e-01,4.960190e-01,-2.957083e-02,-7.566725e-02,-1.026982e+01,
5.749372e-02,-2.627478e-01,2.467784e+00,-1.935800e-01,-1.714293e-01,-1.027993e+01,6.263691e-03,7.377430e-03,2.549381e-03,-6.677527e+00,9.936101e+01,-2.712295e+01,-1.114712e+00,3.742756e-01,8.898618e-01,4.557786e-01,-2.029252e-02,-4.558151e-01,8.900692e-01,3.055056e-03,1.945418e-02,6.531060e-03,9.997894e-01,-1.661693e-01,-1.051250e-01,4.959699e-01,-4.178755e-02,-9.575301e-02,-1.028265e+01,
5.651290e-02,-2.595226e-01,2.467719e+00,-1.760213e-01,-1.652479e-01,-1.029710e+01,4.726707e-03,7.856443e-03,2.747389e-03,-6.678035e+00,9.935001e+01,-2.713402e+01,-1.122387e+00,3.756984e-01,8.897715e-01,4.559494e-01,-2.042243e-02,-4.559860e-01,8.899816e-01,3.097957e-03,1.958810e-02,6.555870e-03,9.997867e-01,-1.661417e-01,-1.044497e-01,4.959404e-01,-2.167156e-02,-9.870438e-02,-1.029943e+01,
5.853167e-02,-2.584983e-01,2.467815e+00,-1.680997e-01,-1.634866e-01,-1.029882e+01,3.354410e-03,5.925553e-03,2.535078e-03,-6.677822e+00,9.935001e+01,-2.714460e+01,-1.140964e+00,3.691984e-01,8.896816e-01,4.561142e-01,-2.065857e-02,-4.561474e-01,8.898981e-01,3.350571e-03,1.991226e-02,6.442407e-03,9.997811e-01,-1.658533e-01,-1.042969e-01,4.959539e-01,-1.136494e-02,-1.033151e-01,-1.030097e+01,
5.550760e-02,-2.594987e-01,2.467654e+00,-1.589741e-01,-1.706320e-01,-1.030715e+01,2.158858e-03,8.503910e-03,2.545168e-03,-6.678387e+00,9.936101e+01,-2.715471e+01,-1.144234e+00,3.561977e-01,8.896000e-01,4.562756e-01,-2.060522e-02,-4.563039e-01,8.898168e-01,3.582169e-03,1.996933e-02,6.215543e-03,9.997813e-01,-1.664372e-01,-1.040618e-01,4.959434e-01,-6.897599e-03,-1.162127e-01,-1.030913e+01,
5.849116e-02,-2.638375e-01,2.467842e+00,-1.496356e-01,-1.731593e-01,-1.030482e+01,5.318808e-04,8.748795e-03,2.810654e-03,-6.678583e+00,9.936101e+01,-2.715576e+01,-1.145136e+00,3.345113e-01,8.895914e-01,4.562994e-01,-2.044645e-02,-4.563199e-01,8.898072e-01,3.926520e-03,1.998507e-02,5.837124e-03,9.997833e-01,-1.662350e-01,-1.048690e-01,4.960475e-01,-1.429915e-03,-1.262588e-01,-1.030659e+01,
5.849114e-02,-2.638358e-01,2.467833e+00,-1.300046e-01,-1.666691e-01,-1.029342e+01,-7.973468e-04,8.512601e-03,2.566389e-03,-6.679667e+00,9.935001e+01,-2.716150e+01,-1.145143e+00,3.066538e-01,8.895457e-01,4.563984e-01,-2.022427e-02,-4.564090e-01,8.897594e-01,4.361228e-03,1.998519e-02,5.351025e-03,9.997860e-01,-1.661364e-01,-1.046359e-01,4.961279e-01,1.646435e-02,-1.338521e-01,-1.029471e+01,
5.648030e-02,-2.637931e-01,2.467734e+00,-1.218986e-01,-1.483438e-01,-1.027624e+01,-2.075491e-03,6.974095e-03,2.641925e-03,-6.678533e+00,9.935001e+01,-2.716045e+01,-1.151414e+00,2.730325e-01,8.895521e-01,4.563935e-01,-2.005390e-02,-4.563917e-01,8.897654e-01,4.932927e-03,2.009462e-02,4.764336e-03,9.997869e-01,-1.663835e-01,-1.041735e-01,4.961899e-01,2.994032e-02,-1.270496e-01,-1.027720e+01,
5.749374e-02,-2.627496e-01,2.467796e+00,-1.114867e-01,-1.532937e-01,-1.027193e+01,-3.531012e-03,7.890875e-03,2.976944e-03,-6.677219e+00,9.935001e+01,-2.716235e+01,-1.149394e+00,2.332870e-01,8.895376e-01,4.564369e-01,-1.970575e-02,-4.564216e-01,8.897466e-01,5.534708e-03,2.005936e-02,4.070796e-03,9.997906e-01,-1.659568e-01,-1.037798e-01,4.963265e-01,3.327556e-02,-1.423598e-01,-1.027264e+01,
5.648032e-02,-2.637950e-01,2.467745e+00,-9.958027e-02,-1.437760e-01,-1.024438e+01,-4.415662e-03,7.463077e-03,3.152180e-03,-6.676711e+00,9.935001e+01,-2.716059e+01,-1.148825e+00,1.888819e-01,8.895518e-01,4.564247e-01,-1.934335e-02,-4.563943e-01,8.897560e-01,6.219147e-03,2.004943e-02,3.295943e-03,9.997936e-01,-1.660344e-01,-1.035303e-01,4.964436e-01,4.395589e-02,-1.461889e-01,-1.024473e+01,
5.747758e-02,-2.648871e-01,2.467819e+00,-9.373254e-02,-1.179251e-01,-1.021469e+01,-5.761900e-03,8.692008e-03,3.089880e-03,-6.675574e+00,9.935001e+01,-2.715993e+01,-1.140892e+00,1.363320e-01,8.895594e-01,4.564324e-01,-1.880164e-02,-4.563854e-01,8.897550e-01,6.971794e-03,1.991100e-02,2.378968e-03,9.997990e-01,-1.656932e-01,-1.034237e-01,4.966284e-01,5.484740e-02,-1.333610e-01,-1.021478e+01,
5.646412e-02,-2.659323e-01,2.467767e+00,-7.810156e-02,-1.020387e-01,-1.017679e+01,-7.058044e-03,5.839664e-03,3.140492e-03,-6.674644e+00,9.936101e+01,-2.715549e+01,-1.149266e+00,7.607917e-02,8.895922e-01,4.563828e-01,-1.845227e-02,-4.563151e-01,8.897825e-01,7.972736e-03,2.005713e-02,1.327564e-03,9.997979e-01,-1.657727e-01,-1.030233e-01,4.967759e-01,7.173757e-02,-1.362902e-01,-1.017643e+01,
5.746143e-02,-2.670232e-01,2.467832e+00,-7.175551e-02,-8.939496e-02,-1.013894e+01,-7.659631e-03,8.689295e-03,3.130330e-03,-6.674314e+00,9.935001e+01,-2.714983e+01,-1.142459e+00,1.150473e-02,8.896394e-01,4.563154e-01,-1.783310e-02,-4.562283e-01,8.898181e-01,8.919576e-03,1.993835e-02,2.007554e-04,9.998012e-01,-1.653838e-01,-1.028327e-01,4.969919e-01,7.617992e-02,-1.372434e-01,-1.013838e+01,
5.452640e-02,-2.562780e-01,2.467620e+00,-6.827683e-02,-6.936534e-02,-1.008770e+01,-8.724664e-03,6.738208e-03,3.391571e-03,-6.674002e+00,9.935001e+01,-2.713860e+01,-1.149721e+00,-6.138956e-02,8.897266e-01,4.561634e-01,-1.736728e-02,-4.560528e-01,8.898954e-01,1.010606e-02,2.006507e-02,-1.071234e-03,9.997981e-01,-1.647025e-01,-1.002197e-01,4.971382e-01,8.280632e-02,-1.325370e-01,-1.008696e+01,
5.843446e-02,-2.713143e-01,2.467891e+00,-5.361931e-02,-3.620964e-02,-1.003648e+01,-9.429065e-03,7.006815e-03,3.372302e-03,-6.675767e+00,9.936101e+01,-2.712850e+01,-1.156965e+00,-1.393913e-01,8.898047e-01,4.560301e-01,-1.686073e-02,-4.558948e-01,8.899611e-01,1.137222e-02,2.019147e-02,-2.432338e-03,9.997932e-01,-1.650714e-01,-1.024646e-01,4.974211e-01,1.049989e-01,-1.219175e-01,-1.003540e+01,
5.840983e-02,-2.745178e-01,2.467907e+00,-5.349042e-02,-3.016862e-03,-9.979709e+00,-9.744062e-03,6.743354e-03,3.368722e-03,-6.676399e+00,9.935001e+01,-2.711762e+01,-1.167115e+00,-2.200863e-01,8.898880e-01,4.558849e-01,-1.637850e-02,-4.557241e-01,8.900305e-01,1.270328e-02,2.036860e-02,-3.840425e-03,9.997852e-01,-1.650928e-01,-1.023616e-01,4.976427e-01,1.144768e-01,-1.050833e-01,-9.978642e+00,
5.742091e-02,-2.723621e-01,2.467859e+00,-4.759457e-02,1.448873e-02,-9.926416e+00,-1.027549e-02,5.370553e-03,3.260494e-03,-6.675517e+00,9.936101e+01,-2.710005e+01,-1.184484e+00,-3.034911e-01,8.900221e-01,4.556368e-01,-1.598895e-02,-4.554484e-01,8.901500e-01,1.413212e-02,2.067168e-02,-5.295762e-03,9.997723e-01,-1.648494e-01,-1.012481e-01,4.978387e-01,1.229544e-01,-1.057073e-01,-9.925217e+00,
5.839372e-02,-2.766596e-01,2.467953e+00,-4.669917e-02,4.739620e-02,-9.851459e+00,-1.022611e-02,6.715389e-03,3.169736e-03,-6.673349e+00,9.935001e+01,-2.708377e+01,-1.193958e+00,-3.868221e-01,8.901486e-01,4.554077e-01,-1.547781e-02,-4.551940e-01,8.902575e-01,1.549765e-02,2.083699e-02,-6.749803e-03,9.997602e-01,-1.647729e-01,-1.014104e-01,4.980888e-01,1.324944e-01,-8.922246e-02,-9.850389e+00,
5.838544e-02,-2.777267e-01,2.467953e+00,-4.820971e-02,8.474231e-02,-9.775304e+00,-1.056278e-02,5.301833e-03,3.184281e-03,-6.672794e+00,9.936101e+01,-2.706507e+01,-1.212239e+00,-4.726562e-01,8.902910e-01,4.551421e-01,-1.508510e-02,-4.549004e-01,8.903806e-01,1.697163e-02,2.115599e-02,-8.247468e-03,9.997422e-01,-1.646377e-01,-1.009002e-01,4.983054e-01,1.431106e-01,-6.851926e-02,-9.774503e+00,
5.940731e-02,-2.756096e-01,2.467977e+00,-6.145017e-02,1.113928e-01,-9.710772e+00,-1.037478e-02,5.942829e-03,2.911828e-03,-6.674428e+00,9.935500e+01,-2.704968e+01,-1.228472e+00,-5.583083e-01,8.904079e-01,4.549275e-01,-1.466187e-02,-4.546585e-01,8.904754e-01,1.842759e-02,2.143925e-02,-9.741927e-03,9.997228e-01,-1.640486e-01,-9.994431e-02,4.985272e-01,1.383380e-01,-5.181469e-02,-9.710483e+00,
5.936677e-02,-2.809505e-01,2.468014e+00,-6.043769e-02,1.488900e-01,-9.657186e+00,-1.012435e-02,5.830172e-03,2.696028e-03,-6.675116e+00,9.935500e+01,-2.703074e+01,-1.247092e+00,-6.432840e-01,8.905519e-01,4.546576e-01,-1.428306e-02,-4.543609e-01,8.905956e-01,1.989125e-02,2.176413e-02,-1.122453e-02,9.997002e-01,-1.642907e-01,-1.001520e-01,4.987546e-01,1.518052e-01,-3.203218e-02,-9.657277e+00,
5.841004e-02,-2.745175e-01,2.467903e+00,-7.593098e-02,1.785899e-01,-9.587234e+00,-9.754826e-03,3.102665e-03,2.745014e-03,-6.675922e+00,9.935500e+01,-2.701247e+01,-1.282344e+00,-7.265370e-01,8.906846e-01,4.544007e-01,-1.417713e-02,-4.540707e-01,8.907073e-01,2.146032e-02,2.237926e-02,-1.267695e-02,9.996693e-01,-1.638165e-01,-9.825524e-02,4.988898e-01,1.494403e-01,-1.219574e-02,-9.588026e+00,
5.832899e-02,-2.851943e-01,2.467945e+00,-6.931927e-02,2.076101e-01,-9.525302e+00,-9.024609e-03,3.883854e-03,2.778867e-03,-6.677759e+00,9.935001e+01,-2.698632e+01,-1.313338e+00,-8.056973e-01,8.908808e-01,4.540203e-01,-1.404155e-02,-4.536587e-01,8.908806e-01,2.293010e-02,2.292007e-02,-1.405792e-02,9.996386e-01,-1.646278e-01,-9.937007e-02,4.990938e-01,1.662540e-01,-2.012998e-03,-9.526366e+00,
5.731541e-02,-2.862405e-01,2.467900e+00,-9.221791e-02,2.215401e-01,-9.473293e+00,-8.346287e-03,3.578896e-03,2.658849e-03,-6.677688e+00,9.935001e+01,-2.695986e+01,-1.346303e+00,-8.810149e-01,8.910784e-01,4.536346e-01,-1.396846e-02,-4.532411e-01,8.910552e-01,2.435571e-02,2.349526e-02,-1.537176e-02,9.996058e-01,-1.648025e-01,-9.881527e-02,4.992396e-01,1.506522e-01,8.472651e-03,-9.475132e+00,
5.828822e-02,-2.905336e-01,2.467974e+00,-1.084267e-01,2.457215e-01,-9.432029e+00,-7.581923e-03,5.506204e-03,2.701483e-03,-6.677452e+00,9.936600e+01,-2.693259e+01,-1.368277e+00,-9.520512e-01,8.912859e-01,4.532331e-01,-1.375992e-02,-4.528128e-01,8.912374e-01,2.562769e-02,2.387867e-02,-1.661093e-02,9.995769e-01,-1.648518e-01,-9.905249e-02,4.994334e-01,1.445139e-01,2.637205e-02,-9.434710e+00,
5.832892e-02,-2.851920e-01,2.467931e+00,-1.245664e-01,2.666013e-01,-9.374722e+00,-6.368837e-03,3.440808e-03,2.543489e-03,-6.679305e+00,9.935001e+01,-2.690123e+01,-1.402207e+00,-1.016304e+00,8.915209e-01,4.527698e-01,-1.379409e-02,-4.523184e-01,8.914512e-01,2.688768e-02,2.447068e-02,-1.773161e-02,9.995434e-01,-1.643489e-01,-9.761311e-02,4.995296e-01,1.389712e-01,4.194117e-02,-9.378217e+00,
6.332324e-02,-2.895730e-01,2.468217e+00,-1.394308e-01,2.848565e-01,-9.340500e+00,-5.351275e-03,2.093091e-03,2.588440e-03,-6.680889e+00,9.936101e+01,-2.685829e+01,-1.443929e+00,-1.074941e+00,8.918434e-01,4.521276e-01,-1.400087e-02,-4.516419e-01,8.917562e-01,2.811883e-02,2.519866e-02,-1.875421e-02,9.995066e-01,-1.639074e-01,-9.826925e-02,4.997127e-01,1.352162e-01,5.435142e-02,-9.344747e+00,
5.729933e-02,-2.883696e-01,2.467872e+00,-1.564001e-01,2.918631e-01,-9.315619e+00,-4.038136e-03,2.716566e-03,2.375572e-03,-6.682073e+00,9.935001e+01,-2.682891e+01,-1.482222e+00,-1.126169e+00,8.920597e-01,4.516944e-01,-1.420752e-02,-4.511769e-01,8.919564e-01,2.921063e-02,2.586677e-02,-1.964752e-02,9.994724e-01,-1.648632e-01,-9.708904e-02,4.996902e-01,1.246666e-01,5.877814e-02,-9.320484e+00,
6.132049e-02,-2.884594e-01,2.468092e+00,-1.786157e-01,3.009050e-01,-9.272311e+00,-2.920435e-03,4.090590e-03,2.083799e-03,-6.682291e+00,9.935001e+01,-2.678037e+01,-1.512963e+00,-1.171168e+00,8.924291e-01,4.509594e-01,-1.435682e-02,-4.504146e-01,8.923107e-01,3.014101e-02,2.640311e-02,-2.043219e-02,9.994426e-01,-1.641787e-01,-9.710871e-02,4.998227e-01,1.094150e-01,6.947505e-02,-9.278007e+00,
6.233415e-02,-2.874151e-01,2.468151e+00,-2.035020e-01,3.069670e-01,-9.246066e+00,-1.454433e-03,2.417966e-03,1.986357e-03,-6.682271e+00,9.935001e+01,-2.672985e+01,-1.553712e+00,-1.207858e+00,8.928089e-01,4.501950e-01,-1.472995e-02,-4.496191e-01,8.926817e-01,3.101969e-02,2.711406e-02,-2.107179e-02,9.994104e-01,-1.640098e-01,-9.671500e-02,4.998643e-01,9.270069e-02,7.871214e-02,-9.252601e+00,
6.230159e-02,-2.916854e-01,2.468168e+00,-2.235842e-01,3.042355e-01,-9.224887e+00,-2.351515e-04,3.365670e-03,2.022245e-03,-6.681905e+00,9.935001e+01,-2.667673e+01,-1.589241e+00,-1.237521e+00,8.932102e-01,4.493867e-01,-1.507981e-02,-4.487835e-01,8.930766e-01,3.174663e-02,2.773393e-02,-2.158884e-02,9.993823e-01,-1.644487e-01,-9.720878e-02,4.999034e-01,7.612123e-02,7.918742e-02,-9.231957e+00,
6.031475e-02,-2.884362e-01,2.468032e+00,-2.514379e-01,3.124942e-01,-9.221388e+00,1.060223e-03,3.092416e-03,1.741183e-03,-6.682615e+00,9.935001e+01,-2.662646e+01,-1.626847e+00,-1.260003e+00,8.935871e-01,4.486217e-01,-1.551800e-02,-4.479913e-01,8.934515e-01,3.237792e-02,2.839002e-02,-2.198056e-02,9.993553e-01,-1.646292e-01,-9.631632e-02,4.998490e-01,5.860752e-02,9.327102e-02,-9.229450e+00,
6.129608e-02,-2.916638e-01,2.468115e+00,-2.660318e-01,3.196028e-01,-9.209316e+00,2.261718e-03,1.677968e-03,1.587807e-03,-6.681698e+00,9.933900e+01,-2.657975e+01,-1.672990e+00,-1.276043e+00,8.939313e-01,4.479135e-01,-1.613875e-02,-4.472523e-01,8.937998e-01,3.297560e-02,2.919503e-02,-2.225983e-02,9.993259e-01,-1.649560e-01,-9.676857e-02,4.998442e-01,5.396710e-02,1.009615e-01,-9.217989e+00,
6.232567e-02,-2.884809e-01,2.468144e+00,-2.864733e-01,3.071972e-01,-9.180355e+00,3.727138e-03,4.569880e-03,1.610650e-03,-6.682484e+00,9.933900e+01,-2.652303e+01,-1.703363e+00,-1.284301e+00,8.943596e-01,4.470415e-01,-1.658095e-02,-4.463603e-01,8.942327e-01,3.332505e-02,2.972491e-02,-2.240350e-02,9.993071e-01,-1.646248e-01,-9.629929e-02,4.998099e-01,3.333879e-02,9.664029e-02,-9.189392e+00,
6.331469e-02,-2.906389e-01,2.468208e+00,-2.982270e-01,2.958285e-01,-9.172298e+00,5.194294e-03,2.233757e-03,1.370597e-03,-6.683277e+00,9.933900e+01,-2.648221e+01,-1.747810e+00,-1.284668e+00,8.946564e-01,4.464199e-01,-1.729570e-02,-4.457124e-01,8.945429e-01,3.366463e-02,3.050030e-02,-2.240938e-02,9.992835e-01,-1.649167e-01,-9.668636e-02,4.997566e-01,2.389431e-02,8.877268e-02,-9.181452e+00,
6.231724e-02,-2.895455e-01,2.468129e+00,-3.111471e-01,3.028616e-01,-9.173513e+00,6.279941e-03,2.824227e-03,1.235421e-03,-6.684485e+00,9.933900e+01,-2.642698e+01,-1.790264e+00,-1.280118e+00,8.950652e-01,4.455710e-01,-1.802658e-02,-4.448398e-01,8.949682e-01,3.390642e-02,3.124093e-02,-2.232951e-02,9.992625e-01,-1.652484e-01,-9.644942e-02,4.996410e-01,2.181651e-02,9.842116e-02,-9.183231e+00,
6.330663e-02,-2.917048e-01,2.468204e+00,-3.202964e-01,2.953885e-01,-9.162313e+00,7.718910e-03,3.221505e-03,1.149475e-03,-6.684625e+00,9.933900e+01,-2.637710e+01,-1.831234e+00,-1.267830e+00,8.954319e-01,4.448019e-01,-1.879161e-02,-4.440503e-01,8.953560e-01,3.401613e-02,3.195561e-02,-2.211471e-02,9.992447e-01,-1.655456e-01,-9.697737e-02,4.995606e-01,1.676030e-02,9.503913e-02,-9.172160e+00,
6.534945e-02,-2.874795e-01,2.468298e+00,-3.336980e-01,2.912090e-01,-9.172324e+00,8.937423e-03,3.756864e-03,1.347158e-03,-6.683774e+00,9.933900e+01,-2.632596e+01,-1.869840e+00,-1.248940e+00,8.958085e-01,4.440095e-01,-1.957180e-02,-4.432413e-01,8.957573e-01,3.400261e-02,3.262907e-02,-2.178479e-02,9.992302e-01,-1.651359e-01,-9.658297e-02,4.994496e-01,9.889007e-03,9.687838e-02,-9.182495e+00,
6.531743e-02,-2.917511e-01,2.468323e+00,-3.417341e-01,2.823233e-01,-9.172209e+00,9.813192e-03,3.784970e-03,1.119619e-03,-6.683038e+00,9.933900e+01,-2.627591e+01,-1.909556e+00,-1.225828e+00,8.961747e-01,4.432322e-01,-2.040137e-02,-4.424484e-01,8.961518e-01,3.393064e-02,3.332187e-02,-2.138123e-02,9.992160e-01,-1.658113e-01,-9.747382e-02,4.993336e-01,6.006941e-03,9.298542e-02,-9.182441e+00,
6.335539e-02,-2.853006e-01,2.468187e+00,-3.450429e-01,2.687432e-01,-9.178091e+00,1.108312e-02,3.886334e-03,1.098855e-03,-6.683141e+00,9.933900e+01,-2.622077e+01,-1.949670e+00,-1.196013e+00,8.965789e-01,4.423720e-01,-2.129179e-02,-4.415754e-01,8.965890e-01,3.375353e-02,3.402160e-02,-2.086077e-02,9.992034e-01,-1.659377e-01,-9.646489e-02,4.991125e-01,4.944295e-03,8.352169e-02,-9.188125e+00,
6.433666e-02,-2.885296e-01,2.468278e+00,-3.523397e-01,2.584754e-01,-9.181687e+00,1.233668e-02,3.952510e-03,9.736763e-04,-6.681378e+00,9.936101e+01,-2.617116e+01,-1.990513e+00,-1.160096e+00,8.969389e-01,4.415950e-01,-2.223708e-02,-4.407881e-01,8.969864e-01,3.348694e-02,3.473402e-02,-2.023390e-02,9.991918e-01,-1.664122e-01,-9.736136e-02,4.989723e-01,2.288193e-03,7.968935e-02,-9.191735e+00,
6.434465e-02,-2.874629e-01,2.468279e+00,-3.575802e-01,2.401241e-01,-9.202285e+00,1.326074e-02,4.938036e-03,7.546381e-04,-6.680113e+00,9.933900e+01,-2.612276e+01,-2.025875e+00,-1.119159e+00,8.972915e-01,4.408318e-01,-2.313402e-02,-4.400206e-01,8.973774e-01,3.309849e-02,3.535082e-02,-1.951955e-02,9.991843e-01,-1.666709e-01,-9.751097e-02,4.987877e-01,-2.113506e-03,6.824285e-02,-9.212107e+00,
6.235027e-02,-2.852824e-01,2.468158e+00,-3.640093e-01,2.136113e-01,-9.214254e+00,1.409646e-02,5.488793e-03,9.090874e-04,-6.679424e+00,9.933900e+01,-2.607343e+01,-2.057234e+00,-1.071919e+00,8.976526e-01,4.400491e-01,-2.401654e-02,-4.392395e-01,8.977792e-01,3.257873e-02,3.589779e-02,-1.869537e-02,9.991806e-01,-1.671655e-01,-9.737624e-02,4.985528e-01,-1.145989e-02,5.147430e-02,-9.223764e+00,
6.635532e-02,-2.875096e-01,2.468400e+00,-3.775426e-01,2.047180e-01,-9.229155e+00,1.506818e-02,7.358427e-03,9.147344e-04,-6.678420e+00,9.933900e+01,-2.602410e+01,-2.078058e+00,-1.018874e+00,8.980187e-01,4.392593e-01,-2.477759e-02,-4.384607e-01,8.981847e-01,3.188585e-02,3.626100e-02,-1.777008e-02,9.991845e-01,-1.669522e-01,-9.856570e-02,4.984449e-01,-2.043983e-02,5.513272e-02,-9.238956e+00,
6.439338e-02,-2.810595e-01,2.468268e+00,-3.750231e-01,1.854707e-01,-9.248441e+00,1.580506e-02,5.409355e-03,8.864261e-04,-6.677113e+00,9.935001e+01,-2.597960e+01,-2.110221e+00,-9.615455e-01,8.983406e-01,4.385449e-01,-2.574537e-02,-4.377540e-01,8.985529e-01,3.121323e-02,3.682197e-02,-1.676997e-02,9.991812e-01,-1.671405e-01,-9.777608e-02,4.981641e-01,-1.745677e-02,4.214936e-02,-9.257788e+00,
6.537419e-02,-2.842845e-01,2.468335e+00,-3.797176e-01,1.602259e-01,-9.281912e+00,1.658955e-02,5.547247e-03,8.681733e-04,-6.677560e+00,9.933900e+01,-2.592513e+01,-2.139694e+00,-8.965620e-01,8.987392e-01,4.376682e-01,-2.673369e-02,-4.368915e-01,8.990007e-01,3.039384e-02,3.733603e-02,-1.563641e-02,9.991806e-01,-1.676206e-01,-9.896311e-02,4.979548e-01,-2.300149e-02,2.782562e-02,-9.290989e+00,
6.539854e-02,-2.810810e-01,2.468320e+00,-3.787936e-01,1.361672e-01,-9.312844e+00,1.704070e-02,6.229445e-03,1.096692e-03,-6.677652e+00,9.935001e+01,-2.588442e+01,-2.161488e+00,-8.263387e-01,8.990365e-01,4.370011e-01,-2.763284e-02,-4.362465e-01,8.993456e-01,2.943852e-02,3.771614e-02,-1.441157e-02,9.991846e-01,-1.677147e-01,-9.901600e-02,4.977033e-01,-2.370366e-02,1.355243e-02,-9.321500e+00,
6.442584e-02,-2.767884e-01,2.468250e+00,-3.806279e-01,1.238979e-01,-9.344433e+00,1.735723e-02,5.912820e-03,1.046824e-03,-6.677704e+00,9.933900e+01,-2.582880e+01,-2.183778e+00,-7.542199e-01,8.994462e-01,4.360973e-01,-2.856022e-02,-4.353672e-01,8.998034e-01,2.844847e-02,3.810489e-02,-1.315368e-02,9.991872e-01,-1.678728e-01,-9.886006e-02,4.974261e-01,-2.144372e-02,1.136184e-02,-9.352971e+00,
6.342050e-02,-2.767626e-01,2.468174e+00,-3.810593e-01,1.057632e-01,-9.355409e+00,1.761284e-02,6.715366e-03,1.174499e-03,-6.678977e+00,9.933900e+01,-2.577786e+01,-2.200921e+00,-6.806354e-01,8.998226e-01,4.352634e-01,-2.941374e-02,-4.345624e-01,9.002249e-01,2.739695e-02,3.840386e-02,-1.187029e-02,9.991918e-01,-1.683591e-01,-9.944135e-02,4.971637e-01,-2.167338e-02,4.495054e-03,-9.363737e+00,
6.241528e-02,-2.767369e-01,2.468102e+00,-3.839439e-01,8.039083e-02,-9.397620e+00,1.771413e-02,7.897228e-03,1.398272e-03,-6.681118e+00,9.935001e+01,-2.572693e+01,-2.210900e+00,-6.062006e-01,9.002025e-01,4.344260e-01,-3.015926e-02,-4.337595e-01,9.006455e-01,2.627630e-02,3.857791e-02,-1.057212e-02,9.991997e-01,-1.687914e-01,-1.000571e-01,4.969122e-01,-2.727813e-02,-7.991746e-03,-9.405761e+00,
6.444178e-02,-2.746447e-01,2.468192e+00,-3.833323e-01,5.808493e-02,-9.415153e+00,1.794576e-02,6.798511e-03,1.407747e-03,-6.681739e+00,9.935001e+01,-2.568482e+01,-2.226887e+00,-5.299522e-01,9.005113e-01,4.337257e-01,-3.100704e-02,-4.330931e-01,9.009975e-01,2.517595e-02,3.885673e-02,-9.242294e-03,9.992021e-01,-1.686105e-01,-1.005352e-01,4.966922e-01,-2.806613e-02,-1.868248e-02,-9.423071e+00,
6.445810e-02,-2.725112e-01,2.468194e+00,-3.796824e-01,4.138140e-02,-9.446673e+00,1.807163e-02,6.629989e-03,1.635834e-03,-6.681895e+00,9.933900e+01,-2.564555e+01,-2.243242e+00,-4.521701e-01,9.007980e-01,4.330676e-01,-3.186935e-02,-4.324709e-01,9.013270e-01,2.405456e-02,3.914195e-02,-7.885728e-03,9.992026e-01,-1.687790e-01,-1.008452e-01,4.964362e-01,-2.303681e-02,-2.573577e-02,-9.454329e+00,
6.749860e-02,-2.693765e-01,2.468354e+00,-3.778339e-01,2.001735e-02,-9.498836e+00,1.773057e-02,9.748060e-03,2.347121e-03,-6.680827e+00,9.935001e+01,-2.559963e+01,-2.240926e+00,-3.756853e-01,9.011458e-01,4.323018e-01,-3.242930e-02,-4.317495e-01,9.017053e-01,2.280788e-02,3.910156e-02,-6.551885e-03,9.992139e-01,-1.681916e-01,-1.013096e-01,4.962699e-01,-2.378929e-02,-3.546892e-02,-9.506273e+00,
6.647681e-02,-2.714901e-01,2.468310e+00,-3.753659e-01,4.808350e-03,-9.525486e+00,1.774070e-02,1.010729e-02,1.711252e-03,-6.680048e+00,9.933900e+01,-2.557308e+01,-2.236401e+00,-2.985581e-01,9.013485e-01,4.318396e-01,-3.295003e-02,-4.313333e-01,9.019355e-01,2.154469e-02,3.902265e-02,-5.206830e-03,9.992249e-01,-1.687367e-01,-1.022911e-01,4.960437e-01,-2.239406e-02,-3.897899e-02,-9.532776e+00,
6.549592e-02,-2.682692e-01,2.468271e+00,-3.760399e-01,-1.768524e-02,-9.565097e+00,1.707346e-02,8.799055e-03,2.170777e-03,-6.677789e+00,9.933900e+01,-2.554304e+01,-2.239528e+00,-2.264773e-01,9.015725e-01,4.313250e-01,-3.355318e-02,-4.308597e-01,9.021879e-01,2.041595e-02,3.907719e-02,-3.949746e-03,9.992284e-01,-1.688760e-01,-1.023128e-01,4.958129e-01,-2.571583e-02,-4.921554e-02,-9.572341e+00,
6.147482e-02,-2.681770e-01,2.468034e+00,-3.723841e-01,-2.432831e-02,-9.587588e+00,1.675253e-02,8.511621e-03,2.317766e-03,-6.677176e+00,9.935001e+01,-2.552016e+01,-2.244575e+00,-1.570159e-01,9.017414e-01,4.309240e-01,-3.416321e-02,-4.304982e-01,9.023842e-01,1.934650e-02,3.916521e-02,-2.738338e-03,9.992291e-01,-1.698013e-01,-1.025710e-01,4.955288e-01,-1.873499e-02,-4.712905e-02,-9.594715e+00,
6.454744e-02,-2.607678e-01,2.468153e+00,-3.693030e-01,-4.030279e-02,-9.619847e+00,1.630557e-02,9.204105e-03,2.708513e-03,-6.679111e+00,9.935001e+01,-2.549306e+01,-2.245538e+00,-9.018049e-02,9.019444e-01,4.304569e-01,-3.468967e-02,-4.300712e-01,9.026098e-01,1.828468e-02,3.918201e-02,-1.572737e-03,9.992309e-01,-1.688839e-01,-1.021671e-01,4.953761e-01,-1.672998e-02,-5.344699e-02,-9.626855e+00,
6.350150e-02,-2.660871e-01,2.468140e+00,-3.580713e-01,-5.271504e-02,-9.645493e+00,1.568523e-02,8.951648e-03,2.410755e-03,-6.677712e+00,9.933900e+01,-2.549378e+01,-2.247578e+00,-2.656490e-02,9.019375e-01,4.304295e-01,-3.519949e-02,-4.300820e-01,9.026241e-01,1.729826e-02,3.921758e-02,-4.632883e-04,9.992306e-01,-1.697411e-01,-1.034792e-01,4.951793e-01,-6.131709e-03,-6.043211e-02,-9.652089e+00,
6.149095e-02,-2.660408e-01,2.468021e+00,-3.600625e-01,-6.876501e-02,-9.674474e+00,1.498783e-02,1.044613e-02,2.999247e-03,-6.677405e+00,9.935001e+01,-2.549116e+01,-2.240636e+00,3.345327e-02,9.019616e-01,4.303511e-01,-3.554180e-02,-4.300427e-01,9.026614e-01,1.629900e-02,3.909650e-02,5.834233e-04,9.992353e-01,-1.702375e-01,-1.038174e-01,4.949808e-01,-1.050746e-02,-6.491349e-02,-9.681192e+00,
6.553641e-02,-2.629299e-01,2.468243e+00,-3.538409e-01,-7.228518e-02,-9.699191e+00,1.428939e-02,9.522620e-03,3.331667e-03,-6.677179e+00,9.933900e+01,-2.548663e+01,-2.238480e+00,8.972140e-02,9.019970e-01,4.302448e-01,-3.593170e-02,-4.299721e-01,9.027110e-01,1.539350e-02,3.905891e-02,1.564738e-03,9.992357e-01,-1.694809e-01,-1.040821e-01,4.948933e-01,-1.755387e-03,-6.241537e-02,-9.705712e+00,
6.457984e-02,-2.565007e-01,2.468160e+00,-3.610946e-01,-7.489766e-02,-9.730072e+00,1.354554e-02,1.061436e-02,3.341759e-03,-6.676175e+00,9.934400e+01,-2.548204e+01,-2.230299e+00,1.417929e-01,9.020363e-01,4.301400e-01,-3.619507e-02,-4.299023e-01,9.027588e-01,1.450880e-02,3.891623e-02,2.472875e-03,9.992394e-01,-1.692400e-01,-1.033690e-01,4.947373e-01,-5.756348e-03,-5.355081e-02,-9.736909e+00,
6.352595e-02,-2.628824e-01,2.468118e+00,-3.522073e-01,-9.072011e-02,-9.758905e+00,1.275630e-02,9.170667e-03,3.329330e-03,-6.677181e+00,9.935001e+01,-2.547755e+01,-2.229934e+00,1.896112e-01,9.020703e-01,4.300388e-01,-3.654937e-02,-4.298317e-01,9.028044e-01,1.374976e-02,3.890987e-02,3.306828e-03,9.992374e-01,-1.700978e-01,-1.047601e-01,4.945797e-01,-4.705787e-05,-6.469527e-02,-9.765468e+00,
6.552859e-02,-2.639945e-01,2.468229e+00,-3.495577e-01,-9.426980e-02,-9.782064e+00,1.197613e-02,9.507983e-03,3.514281e-03,-6.678030e+00,9.935001e+01,-2.547198e+01,-2.227949e+00,2.324634e-01,9.021133e-01,4.299237e-01,-3.684101e-02,-4.297445e-01,9.028561e-01,1.305606e-02,3.887524e-02,4.054175e-03,9.992359e-01,-1.699790e-01,-1.054730e-01,4.944926e-01,4.511654e-03,-6.260681e-02,-9.788561e+00,
6.153968e-02,-2.596342e-01,2.467993e+00,-3.493906e-01,-9.568798e-02,-9.799807e+00,1.101270e-02,1.069223e-02,4.117267e-03,-6.678455e+00,9.935001e+01,-2.546292e+01,-2.219180e+00,2.694969e-01,9.021866e-01,4.297577e-01,-3.698279e-02,-4.296044e-01,9.029320e-01,1.240088e-02,3.872232e-02,4.700063e-03,9.992390e-01,-1.703514e-01,-1.047628e-01,4.943309e-01,6.086022e-03,-5.782623e-02,-9.806328e+00,
6.354995e-02,-2.596807e-01,2.468112e+00,-3.531458e-01,-9.687930e-02,-9.830045e+00,1.013600e-02,1.304543e-02,4.026554e-03,-6.677354e+00,9.935001e+01,-2.545431e+01,-2.196713e+00,3.017016e-01,9.022648e-01,4.296031e-01,-3.687233e-02,-4.294755e-01,9.030026e-01,1.171936e-02,3.833048e-02,5.261794e-03,9.992513e-01,-1.699412e-01,-1.052961e-01,4.943160e-01,2.205938e-03,-5.101664e-02,-9.836731e+00,
6.251219e-02,-2.639310e-01,2.468087e+00,-3.490304e-01,-9.859335e-02,-9.858439e+00,9.289727e-03,1.145282e-02,4.209814e-03,-6.676112e+00,9.935001e+01,-2.544471e+01,-2.182813e+00,3.295478e-01,9.023450e-01,4.294350e-01,-3.686410e-02,-4.293282e-01,9.030795e-01,1.117013e-02,3.808806e-02,5.747489e-03,9.992578e-01,-1.704356e-01,-1.062341e-01,4.942437e-01,6.137192e-03,-4.930905e-02,-9.864984e+00,
6.354997e-02,-2.596837e-01,2.468133e+00,-3.523506e-01,-9.335951e-02,-9.878531e+00,8.386112e-03,1.124717e-02,4.173155e-03,-6.675232e+00,9.934400e+01,-2.543531e+01,-2.170093e+00,3.522395e-01,9.024231e-01,4.292735e-01,-3.683561e-02,-4.291838e-01,9.031538e-01,1.071111e-02,3.786621e-02,6.143292e-03,9.992641e-01,-1.698828e-01,-1.058506e-01,4.942217e-01,5.835623e-03,-3.890486e-02,-9.885177e+00,
6.353394e-02,-2.618190e-01,2.468139e+00,-3.452390e-01,-9.448881e-02,-9.913810e+00,7.280943e-03,1.109381e-02,4.508508e-03,-6.674763e+00,9.935001e+01,-2.542401e+01,-2.157490e+00,3.687477e-01,9.025152e-01,4.290860e-01,-3.676284e-02,-4.290094e-01,9.032407e-01,1.034924e-02,3.764642e-02,6.431256e-03,9.992704e-01,-1.699988e-01,-1.064226e-01,4.941953e-01,1.233256e-02,-3.983577e-02,-9.920182e+00,
6.352566e-02,-2.628875e-01,2.468148e+00,-3.402137e-01,-9.572581e-02,-9.929069e+00,6.349091e-03,1.186247e-02,4.251588e-03,-6.673936e+00,9.935500e+01,-2.541416e+01,-2.140674e+00,3.800815e-01,9.025990e-01,4.289252e-01,-3.658457e-02,-4.288589e-01,9.033158e-01,1.003837e-02,3.735312e-02,6.628998e-03,9.992803e-01,-1.699783e-01,-1.067845e-01,4.941939e-01,1.511487e-02,-4.023857e-02,-9.935266e+00,
6.358248e-02,-2.554129e-01,2.468115e+00,-3.397400e-01,-8.928432e-02,-9.943809e+00,5.230434e-03,1.266535e-02,4.652407e-03,-6.674294e+00,9.935500e+01,-2.540192e+01,-2.120522e+00,3.836625e-01,9.027023e-01,4.287321e-01,-3.629602e-02,-4.286717e-01,9.034070e-01,9.823322e-03,3.700165e-02,6.691539e-03,9.992929e-01,-1.691988e-01,-1.056582e-01,4.942246e-01,1.595750e-02,-3.270439e-02,-9.949945e+00,
6.254496e-02,-2.596613e-01,2.468079e+00,-3.401847e-01,-7.914899e-02,-9.953315e+00,4.406003e-03,1.163119e-02,4.336567e-03,-6.674792e+00,9.933900e+01,-2.539151e+01,-2.107119e+00,3.818156e-01,9.027880e-01,4.285705e-01,-3.607280e-02,-4.285114e-01,9.034838e-01,9.745613e-03,3.676787e-02,6.659385e-03,9.993017e-01,-1.695868e-01,-1.063623e-01,4.942359e-01,1.800838e-02,-2.273796e-02,-9.959399e+00,
6.256925e-02,-2.564576e-01,2.468061e+00,-3.404382e-01,-6.889191e-02,-9.965232e+00,3.606171e-03,1.083221e-02,4.527392e-03,-6.675142e+00,9.932800e+01,-2.538002e+01,-2.098563e+00,3.749548e-01,9.028790e-01,4.283945e-01,-3.588865e-02,-4.283327e-01,9.035683e-01,9.782619e-03,3.661865e-02,6.539761e-03,9.993080e-01,-1.692116e-01,-1.058313e-01,4.942730e-01,2.075130e-02,-1.391380e-02,-9.971253e+00,
6.353378e-02,-2.618180e-01,2.468134e+00,-3.439765e-01,-6.919834e-02,-9.972041e+00,2.729608e-03,1.129173e-02,4.728961e-03,-6.675361e+00,9.935001e+01,-2.536735e+01,-2.087548e+00,3.629777e-01,9.029799e-01,4.282033e-01,-3.562769e-02,-4.281361e-01,9.036604e-01,9.881271e-03,3.642652e-02,6.330909e-03,9.993163e-01,-1.693272e-01,-1.068034e-01,4.943426e-01,1.504600e-02,-1.379950e-02,-9.978191e+00,
6.255257e-02,-2.585919e-01,2.468057e+00,-3.478938e-01,-5.452076e-02,-9.987901e+00,1.822517e-03,1.059434e-02,4.611225e-03,-6.675736e+00,9.935001e+01,-2.535538e+01,-2.080645e+00,3.453706e-01,9.030733e-01,4.280260e-01,-3.538942e-02,-4.279492e-01,9.037464e-01,1.009999e-02,3.630612e-02,6.023844e-03,9.993226e-01,-1.690937e-01,-1.060980e-01,4.943899e-01,1.595616e-02,-1.269780e-03,-9.994094e+00,
6.354208e-02,-2.607495e-01,2.468125e+00,-3.480339e-01,-5.671139e-02,-9.983975e+00,1.041178e-03,1.188271e-02,5.005067e-03,-6.676472e+00,9.935500e+01,-2.534109e+01,-2.066225e+00,3.233657e-01,9.031883e-01,4.278155e-01,-3.500034e-02,-4.277279e-01,9.038486e-01,1.033065e-02,3.605461e-02,5.640097e-03,9.993340e-01,-1.688810e-01,-1.064658e-01,4.944988e-01,1.084030e-02,-5.535655e-03,-9.990194e+00,
